  3.7000000000000000E+01
  3.6999988476768422E+01
  3.6999974681720275E+01
  3.6999959661493428E+01
  3.6999944058323024E+01
  3.6999928303717304E+01
  3.6999913208933727E+01
  3.6999899636548690E+01
  3.6999888167090980E+01
  3.6999879052220280E+01
  3.6999872291901838E+01
  3.6999867690537528E+01
  3.6999863934184894E+01
  3.6999860583934513E+01
  3.6999857435539155E+01
  3.6999854407769192E+01
  3.6999851455885910E+01
  3.6999848559090317E+01
  3.6999845705398641E+01
  3.6999842888131184E+01
  3.6999840892911756E+01
  3.6999838681050392E+01
  3.6999835895563045E+01
  3.6999832585406530E+01
  3.6999828717293262E+01
  3.6999824305287603E+01
  3.6999819347519875E+01
  3.6999813845327566E+01
  3.6999807793839977E+01
  3.6999801185632535E+01
  3.6999793995676185E+01
  3.6999786366684702E+01
  3.6999778372672054E+01
  3.6999770006293083E+01
  3.6999761265677485E+01
  3.6999752165901000E+01
  3.6999742719984958E+01
  3.6999732867175979E+01
  3.6999722749153115E+01
  3.6999712467420785E+01
  3.6999701675474292E+01
  3.6999690187265379E+01
  3.6999678075330841E+01
  3.6999665613997507E+01
  3.6999652959420033E+01
  3.6999640371975204E+01
  3.6999627724261352E+01
  3.6999615148622063E+01
  3.6999602707004513E+01
  3.6999590460561791E+01
  3.6999578297764252E+01
  3.6999566444139276E+01
  3.6999554767702151E+01
  3.6999543242134379E+01
  3.6999531810892371E+01
  3.6999520412419635E+01
  3.6999508969581512E+01
  3.6999497487222555E+01
  3.6999485791478918E+01
  3.6999473977029012E+01
  3.6999461822429268E+01
  3.6999449993771208E+01
  3.6999438220980316E+01
  3.6999426423425838E+01
  3.6999414594450847E+01
  3.6999402751478492E+01
  3.6999390911387280E+01
  3.6999379046784554E+01
  3.6999367262283506E+01
  3.6999355510750647E+01
  3.6999343530935256E+01
  3.6999331236808835E+01
  3.6999318719057676E+01
  3.6999306047944778E+01
  3.6999293275130022E+01
  3.6999280433599097E+01
  3.6999267529492805E+01
  3.6999254606000342E+01
  3.6999241715386951E+01
  3.6999228775132629E+01
  3.6999215713299485E+01
  3.6999202789751607E+01
  3.6999189956743997E+01
  3.6999177184300031E+01
  3.6999164453848223E+01
  3.6999151706780893E+01
  3.6999138994277594E+01
  3.6999126313246350E+01
  3.6999113651494625E+01
  3.6999100977194075E+01
  3.6999088231976806E+01
  3.6999075403364479E+01
  3.6999062514507855E+01
  3.6999049585696412E+01
  3.6999036634337031E+01
  3.6999023675180098E+01
  3.6999010720642708E+01
  3.6998997775451556E+01
  3.6998984847800109E+01
  3.6998971949177040E+01
  3.6998959041206867E+01
  3.6998944706667160E+01
  3.6998934933543133E+01
  3.6998932910298002E+01
  3.6998941154290009E+01
  3.6998963082825078E+01
  3.6998999922050096E+01
  3.6999049744208769E+01
  3.6999109055486677E+01
  3.6999174186852912E+01
  3.6999242722424249E+01
  3.6999303980547971E+01
  3.6999358134384146E+01
  3.6999405559886227E+01
  3.6999446946865937E+01
  3.6999483078849089E+01
  3.6999514631809483E+01
  3.6999542228204660E+01
  3.6999566397877224E+01
  3.6999587600857915E+01
  3.6999607018084653E+01
  3.6999623273296443E+01
  3.6999636220041722E+01
  3.6999646426797092E+01
  3.6999654175053116E+01
  3.6999659766223076E+01
  3.6999663420026039E+01
  3.6999665324489015E+01
  3.6999665626059610E+01
  3.6999664442503231E+01
  3.6999661851784410E+01
  3.6999658246710467E+01
  3.6999653780792720E+01
  3.6999648487381670E+01
  3.6999642404876361E+01
  3.6999635568310730E+01
  3.6999628072644462E+01
  3.6999619798318506E+01
  3.6999610921200201E+01
  3.6999601610711309E+01
  3.6999591584278811E+01
  3.6999580478177393E+01
  3.6999568765113018E+01
  3.6999556872897671E+01
  3.6999544968843828E+01
  3.6999533472134139E+01
  3.6999521863344398E+01
  3.6999510217480299E+01
  3.6999498672988203E+01
  3.6999487371906554E+01
  3.6999476250372972E+01
  3.6999465319080578E+01
  3.6999454573203330E+01
  3.6999443937283843E+01
  3.6999433323611711E+01
  3.6999422657396529E+01
  3.6999411862971584E+01
  3.6999401102271861E+01
  3.6999390048680574E+01
  3.6999378780942109E+01
  3.6999367120897560E+01
  3.6999355548733099E+01
  3.6999343954914856E+01
  3.6999332348786275E+01
  3.6999320772606673E+01
  3.6999309266827048E+01
  3.6999297853005544E+01
  3.6999286485358368E+01
  3.6999275372852381E+01
  3.6999264448432875E+01
  3.6999253314896414E+01
  3.6999241668306865E+01
  3.6999229676570941E+01
  3.6999217454666862E+01
  3.6999205080546552E+01
  3.6999192603697331E+01
  3.6999180043835302E+01
  3.6999167464698481E+01
  3.6999154968224538E+01
  3.6999142419075028E+01
  3.6999129733505683E+01
  3.6999117110660755E+01
  3.6999104543782543E+01
  3.6999092027663337E+01
  3.6999079558075493E+01
  3.6999067075600323E+01
  3.6999054674307459E+01
  3.6999042353725130E+01
  3.6999030077691266E+01
  3.6999017802625644E+01
  3.6999005457574988E+01
  3.6998992987622110E+01
  3.6998980430613898E+01
  3.6998967816899956E+01
  3.6998955170728244E+01
  3.6998942511458566E+01
  3.6998929854574406E+01
  3.6998917207666693E+01
  3.6998904580254383E+01
  3.6998891983969074E+01
  3.6998879380532749E+01
  3.6998866382268169E+01
  3.6998858168467081E+01
  3.6998858066320075E+01
  3.6998869023383499E+01
  3.6998894283868879E+01
  3.6998934711154043E+01
  3.6998988238883342E+01
  3.6999051356566532E+01
  3.6999120352610063E+01
  3.6999191894321946E+01
  3.6999256422717949E+01
  3.6999313676949136E+01
  3.6999363913123155E+01
  3.6999407891307101E+01
  3.6999446381436066E+01
  3.6999480100882188E+01
  3.6999509686997506E+01
  3.6999535694009005E+01
  3.6999558597618041E+01
  3.6999578804956670E+01
  3.6999596377539540E+01
  3.6999610569362275E+01
  3.6999621872360365E+01
  3.6999630604562938E+01
  3.6999637058432810E+01
  3.6999641468266624E+01
  3.6999644029624484E+01
  3.6999644898385071E+01
  3.6999644199842315E+01
  3.6999642034037436E+01
  3.6999638794930661E+01
  3.6999634645270838E+01
  3.6999629628405813E+01
  3.6999623788171242E+01
  3.6999617153552222E+01
  3.6999609845509404E+01
  3.6999601717052357E+01
  3.6999592950157137E+01
  3.6999583734661933E+01
  3.6999574318223715E+01
  3.6999563210051377E+01
  3.6999551477692357E+01
  3.6999539602934952E+01
  3.6999527755341063E+01
  3.6999516413678599E+01
  3.6999504929829776E+01
  3.6999493344732571E+01
  3.6999481826030220E+01
  3.6999470548532088E+01
  3.6999459657857521E+01
  3.6999448765399080E+01
  3.6999438079801799E+01
  3.6999427509732847E+01
  3.6999416956287718E+01
  3.6999406340069577E+01
  3.6999395589671771E+01
  3.6999384920794895E+01
  3.6999373949675963E+01
  3.6999362751279122E+01
  3.6999351444094607E+01
  3.6999339871792621E+01
  3.6999328238659928E+01
  3.6999316590505721E+01
  3.6999304989696860E+01
  3.6999293486656867E+01
  3.6999282105867302E+01
  3.6999270794726655E+01
  3.6999259800076899E+01
  3.6999249055603080E+01
  3.6999238299095445E+01
  3.6999226785417278E+01
  3.6999214883237634E+01
  3.6999202725009312E+01
  3.6999190398714518E+01
  3.6999177960272462E+01
  3.6999165436365260E+01
  3.6999152895687153E+01
  3.6999140458338843E+01
  3.6999127968298794E+01
  3.6999115443975072E+01
  3.6999102851720053E+01
  3.6999090300148282E+01
  3.6999077794311866E+01
  3.6999065335916534E+01
  3.6999052864933709E+01
  3.6999040492142157E+01
  3.6999028218148808E+01
  3.6999015998028838E+01
  3.6999003786058807E+01
  3.6998991575991496E+01
  3.6998979159781193E+01
  3.6998966646200678E+01
  3.6998954069412775E+01
  3.6998941456260532E+01
  3.6998928827854556E+01
  3.6998916200845521E+01
  3.6998903584278416E+01
  3.6998890988177820E+01
  3.6998878423975164E+01
  3.6998865899342348E+01
  3.6998853157465838E+01
  3.6998845108502131E+01
  3.6998845152598413E+01
  3.6998856425216410E+01
  3.6998882116659011E+01
  3.6998922970284760E+01
  3.6998976897801342E+01
  3.6999040415956692E+01
  3.6999109826495051E+01
  3.6999181791288862E+01
  3.6999246698898624E+01
  3.6999304317478341E+01
  3.6999354890992208E+01
  3.6999399193544164E+01
  3.6999437993388320E+01
  3.6999472012312843E+01
  3.6999501888283156E+01
  3.6999528177120240E+01
  3.6999551355031208E+01
  3.6999571829727962E+01
  3.6999589656585584E+01
  3.6999604067271520E+01
  3.6999615566763211E+01
  3.6999624471851718E+01
  3.6999631078272095E+01
  3.6999635621596866E+01
  3.6999638299101342E+01
  3.6999639267868581E+01
  3.6999638654282116E+01
  3.6999636559277988E+01
  3.6999633381275714E+01
  3.6999629285098962E+01
  3.6999624315079593E+01
  3.6999618517159711E+01
  3.6999611916012292E+01
  3.6999604643535292E+01
  3.6999596540398642E+01
  3.6999587791560614E+01
  3.6999578594540168E+01
  3.6999569203796284E+01
  3.6999558063912978E+01
  3.6999546297276787E+01
  3.6999534404902370E+01
  3.6999522555061581E+01
  3.6999511250888304E+01
  3.6999499794546161E+01
  3.6999488208967648E+01
  3.6999476673580830E+01
  3.6999465377311097E+01
  3.6999454473969799E+01
  3.6999443563999719E+01
  3.6999432876625789E+01
  3.6999422310791843E+01
  3.6999411761961717E+01
  3.6999401148448150E+01
  3.6999390400773223E+01
  3.6999379757626926E+01
  3.6999368808651035E+01
  3.6999357628970706E+01
  3.6999346344861927E+01
  3.6999334756172331E+01
  3.6999323092384955E+01
  3.6999311413330226E+01
  3.6999299789187873E+01
  3.6999288274291295E+01
  3.6999276894358275E+01
  3.6999265593553382E+01
  3.6999254634592447E+01
  3.6999243953517627E+01
  3.6999233265390217E+01
  3.6999221791604803E+01
  3.6999209913221577E+01
  3.6999197769525637E+01
  3.6999185452341450E+01
  3.6999173020103505E+01
  3.6999160502837150E+01
  3.6999147970398930E+01
  3.6999135550549191E+01
  3.6999123078006328E+01
  3.6999110569725367E+01
  3.6999097980402333E+01
  3.6999085425796082E+01
  3.6999072915273317E+01
  3.6999060452960386E+01
  3.6999047978259590E+01
  3.6999035609217152E+01
  3.6999023346846961E+01
  3.6999011142442392E+01
  3.6998998949984106E+01
  3.6998986760537953E+01
  3.6998974358871941E+01
  3.6998961855961632E+01
  3.6998949287471348E+01
  3.6998936681261334E+01
  3.6998924059124128E+01
  3.6998911438161038E+01
  3.6998898828110839E+01
  3.6998886239186042E+01
  3.6998873682636273E+01
  3.6998861165878061E+01
  3.6998848512588083E+01
  3.6998840500809806E+01
  3.6998840566320453E+01
  3.6998851930912167E+01
  3.6998877763178911E+01
  3.6998918754312925E+01
  3.6998972807205391E+01
  3.6999036451054792E+01
  3.6999105993212879E+01
  3.6999178092961735E+01
  3.6999243120359360E+01
  3.6999300854924321E+01
  3.6999351535091357E+01
  3.6999395941227718E+01
  3.6999434840549831E+01
  3.6999468956695189E+01
  3.6999498927796822E+01
  3.6999525310273242E+01
  3.6999548580464740E+01
  3.6999569146239779E+01
  3.6999587061066173E+01
  3.6999601546869009E+01
  3.6999613114160475E+01
  3.6999622078792520E+01
  3.6999628737721494E+01
  3.6999633326905702E+01
  3.6999636044207712E+01
  3.6999637047102468E+01
  3.6999636462330379E+01
  3.6999634391116714E+01
  3.6999631233478226E+01
  3.6999627155009840E+01
  3.6999622200474967E+01
  3.6999616416884983E+01
  3.6999609826519880E+01
  3.6999602566522071E+01
  3.6999594471689768E+01
  3.6999585728575795E+01
  3.6999576538087872E+01
  3.6999567157681675E+01
  3.6999556002435142E+01
  3.6999544219221939E+01
  3.6999532317732594E+01
  3.6999520465303448E+01
  3.6999509176450502E+01
  3.6999497731746949E+01
  3.6999486144385422E+01
  3.6999474599225373E+01
  3.6999463291944018E+01
  3.6999452380504025E+01
  3.6999441460229022E+01
  3.6999430770151797E+01
  3.6999420204570576E+01
  3.6999409656260404E+01
  3.6999399042488221E+01
  3.6999388295283637E+01
  3.6999377663021342E+01
  3.6999366722989116E+01
  3.6999355550938546E+01
  3.6999344276835878E+01
  3.6999332679796581E+01
  3.6999321000861421E+01
  3.6999309306304916E+01
  3.6999297669948547E+01
  3.6999286147981444E+01
  3.6999274766788425E+01
  3.6999263468918485E+01
  3.6999252524524891E+01
  3.6999241871370351E+01
  3.6999231213721636E+01
  3.6999219757116144E+01
  3.6999207888500109E+01
  3.6999195750368280E+01
  3.6999183436327904E+01
  3.6999171005994526E+01
  3.6999158491137813E+01
  3.6999145961876650E+01
  3.6999133549587881E+01
  3.6999121084496416E+01
  3.6999108582941147E+01
  3.6999095994036544E+01
  3.6999083436977884E+01
  3.6999070923211342E+01
  3.6999058458006488E+01
  3.6999045980429464E+01
  3.6999033612018643E+01
  3.6999021353976950E+01
  3.6999009155804238E+01
  3.6998996971551513E+01
  3.6998984790926812E+01
  3.6998972395228449E+01
  3.6998959896467291E+01
  3.6998947331012268E+01
  3.6998934727200002E+01
  3.6998922107141674E+01
  3.6998909488148612E+01
  3.6998896880320309E+01
  3.6998884293955527E+01
  3.6998871740191710E+01
  3.6998859226284743E+01
