  3.7000000000000000E+01
  3.6997891330938600E+01
  3.6995792027980940E+01
  3.6993701813677269E+01
  3.6991620511600523E+01
  3.6989548007852171E+01
  3.6987484225913001E+01
  3.6985429110815140E+01
  3.6983382619283127E+01
  3.6981344713603484E+01
  3.6979315358051188E+01
  3.6977290632482969E+01
  3.6975273486860125E+01
  3.6973263668800307E+01
  3.6971263339399009E+01
  3.6969273644263062E+01
  3.6967292907259605E+01
  3.6965319196409169E+01
  3.6963352918811900E+01
  3.6961395772819316E+01
  3.6959507207435884E+01
  3.6957627226378612E+01
  3.6955754652707313E+01
  3.6953889368881939E+01
  3.6952031745418758E+01
  3.6950182021362224E+01
  3.6948340212117628E+01
  3.6946506150431190E+01
  3.6944679561414539E+01
  3.6942860149913784E+01
  3.6941032891755391E+01
  3.6939212362233008E+01
  3.6937398526633636E+01
  3.6935591361174367E+01
  3.6933790944991010E+01
  3.6931997434057536E+01
  3.6930211049737338E+01
  3.6928432062813158E+01
  3.6926660774128280E+01
  3.6924897496050413E+01
  3.6923137528366354E+01
  3.6921385955674594E+01
  3.6919642948944727E+01
  3.6917908660899897E+01
  3.6916183123764810E+01
  3.6914466306514647E+01
  3.6912758133153289E+01
  3.6911058486641281E+01
  3.6909367211063945E+01
  3.6907684117390815E+01
  3.6905995865820110E+01
  3.6904316248823115E+01
  3.6902645275831169E+01
  3.6900982883042992E+01
  3.6899329005991717E+01
  3.6897683572134341E+01
  3.6896046495739583E+01
  3.6894417678379071E+01
  3.6892797011675661E+01
  3.6891184379705955E+01
  3.6889576779979670E+01
  3.6887976143579728E+01
  3.6886382253902852E+01
  3.6884794955101796E+01
  3.6883214086753036E+01
  3.6881639478776961E+01
  3.6880070957742277E+01
  3.6878508352598068E+01
  3.6876951497685802E+01
  3.6875400234050083E+01
  3.6873847444453510E+01
  3.6872301130328800E+01
  3.6870761235211077E+01
  3.6869227679013107E+01
  3.6867700379331367E+01
  3.6866179257139301E+01
  3.6864664237267156E+01
  3.6863155247554509E+01
  3.6861652218060151E+01
  3.6860155080538142E+01
  3.6858661294479965E+01
  3.6857173862028020E+01
  3.6855692717173575E+01
  3.6854217815262722E+01
  3.6852749121969460E+01
  3.6851286606938459E+01
  3.6849830240426392E+01
  3.6848379991769306E+01
  3.6846935828869995E+01
  3.6845497718251757E+01
  3.6844064871778031E+01
  3.6842637677007502E+01
  3.6841216098832909E+01
  3.6839800094632899E+01
  3.6838389619013199E+01
  3.6836984626371375E+01
  3.6835585072159589E+01
  3.6834190913408953E+01
  3.6832802108857024E+01
  3.6831418618874707E+01
  3.6830038866751906E+01
  3.6828663561693133E+01
  3.6827292669939958E+01
  3.6825926156641856E+01
  3.6824563987185272E+01
  3.6823206126563718E+01
  3.6821852538764986E+01
  3.6820503187106063E+01
  3.6819158033936333E+01
  3.6817817040449825E+01
  3.6816476852334930E+01
  3.6815163043390065E+01
  3.6813874661459757E+01
  3.6812612329274621E+01
  3.6811378553881092E+01
  3.6810175597858155E+01
  3.6809004728325263E+01
  3.6807868027815573E+01
  3.6806769533133163E+01
  3.6805714031179654E+01
  3.6804744786315723E+01
  3.6803789465253267E+01
  3.6802846486740066E+01
  3.6801914906724662E+01
  3.6800993891576113E+01
  3.6800082415166990E+01
  3.6799179325207056E+01
  3.6798283476222842E+01
  3.6797393814183081E+01
  3.6796509417868805E+01
  3.6795619593682154E+01
  3.6794741586797997E+01
  3.6793875441585428E+01
  3.6793021247692124E+01
  3.6792179136303865E+01
  3.6791349221088687E+01
  3.6790531573307391E+01
  3.6789726195700268E+01
  3.6788932997763453E+01
  3.6788151777293216E+01
  3.6787378807551143E+01
  3.6786606541305360E+01
  3.6785834224588683E+01
  3.6785060843420467E+01
  3.6784285235906133E+01
  3.6783506187440473E+01
  3.6782722461551089E+01
  3.6781932813386049E+01
  3.6781135999340329E+01
  3.6780330788023839E+01
  3.6779506934443610E+01
  3.6778689842128244E+01
  3.6777878485608142E+01
  3.6777072049492169E+01
  3.6776269835645351E+01
  3.6775471197252266E+01
  3.6774675513318698E+01
  3.6773882182578149E+01
  3.6773090623918364E+01
  3.6772300277659646E+01
  3.6771508597573515E+01
  3.6770708252778405E+01
  3.6769899232712774E+01
  3.6769081399045284E+01
  3.6768254537757265E+01
  3.6767418401675997E+01
  3.6766572735802001E+01
  3.6765717290437252E+01
  3.6764851826789567E+01
  3.6763976118746982E+01
  3.6763085051446240E+01
  3.6762193428291859E+01
  3.6761300969914792E+01
  3.6760407441777971E+01
  3.6759512650114473E+01
  3.6758616433031555E+01
  3.6757718652508039E+01
  3.6756819188536944E+01
  3.6755917935287066E+01
  3.6755014798670018E+01
  3.6754107941416066E+01
  3.6753203111726549E+01
  3.6752300299904810E+01
  3.6751399504340704E+01
  3.6750500724945134E+01
  3.6749603959815737E+01
  3.6748709203903772E+01
  3.6747816448812245E+01
  3.6746925683165394E+01
  3.6746036893239321E+01
  3.6745149526710250E+01
  3.6744261967810694E+01
  3.6743374186502663E+01
  3.6742486151187521E+01
  3.6741597831856055E+01
  3.6740709201600332E+01
  3.6739820237178385E+01
  3.6738930919070768E+01
  3.6738041231287724E+01
  3.6737151161072752E+01
  3.6736259596875058E+01
  3.6735362506850791E+01
  3.6734460016024400E+01
  3.6733552212634436E+01
  3.6732639155270299E+01
  3.6731720876741967E+01
  3.6730797385195586E+01
  3.6729868665154996E+01
  3.6728934676965281E+01
  3.6727995355048712E+01
  3.6727050605015386E+01
  3.6726228889323430E+01
  3.6725530032556350E+01
  3.6724951601043273E+01
  3.6724493262789110E+01
  3.6724155685668848E+01
  3.6723939587603809E+01
  3.6723846672799795E+01
  3.6723880153199033E+01
  3.6724043441383742E+01
  3.6724338832718104E+01
  3.6724643710146175E+01
  3.6724928080182963E+01
  3.6725190298775182E+01
  3.6725429037657037E+01
  3.6725643029014208E+01
  3.6725831038011790E+01
  3.6725991971619926E+01
  3.6726124940961441E+01
  3.6726229277817083E+01
  3.6726304514983745E+01
  3.6726366182928210E+01
  3.6726420988281440E+01
  3.6726468680400380E+01
  3.6726509147824380E+01
  3.6726542319087514E+01
  3.6726568140820845E+01
  3.6726586550441112E+01
  3.6726597447670351E+01
  3.6726600672797765E+01
  3.6726595992893756E+01
  3.6726558027880195E+01
  3.6726490455009412E+01
  3.6726393575518138E+01
  3.6726267338783238E+01
  3.6726111530820340E+01
  3.6725925836780142E+01
  3.6725709867425536E+01
  3.6725463175741069E+01
  3.6725185270448506E+01
  3.6724875626357942E+01
  3.6724557573356890E+01
  3.6724236732702785E+01
  3.6723911960082297E+01
  3.6723582413940214E+01
  3.6723247399008315E+01
  3.6722906301325189E+01
  3.6722558562961865E+01
  3.6722203672169492E+01
  3.6721841158161723E+01
  3.6721470588725985E+01
  3.6721075953967095E+01
  3.6720659612029571E+01
  3.6720222046270308E+01
  3.6719763540758265E+01
  3.6719284271972796E+01
  3.6718784357837961E+01
  3.6718263883107269E+01
  3.6717722911888906E+01
  3.6717161493568646E+01
  3.6716579665272768E+01
  3.6715988512283857E+01
  3.6715391768569795E+01
  3.6714789194362659E+01
  3.6714180617684185E+01
  3.6713565915095579E+01
  3.6712944997487313E+01
  3.6712317800409181E+01
  3.6711684277816751E+01
  3.6711044398097265E+01
  3.6710398141555601E+01
  3.6709749865966039E+01
  3.6709101066070239E+01
  3.6708451793324507E+01
  3.6707802094336621E+01
  3.6707152009340660E+01
  3.6706501572084072E+01
  3.6705850810453491E+01
  3.6705199747413729E+01
  3.6704548402021487E+01
  3.6703896790352829E+01
  3.6703241490712706E+01
  3.6702582959046019E+01
  3.6701921202106654E+01
  3.6701256228970834E+01
  3.6700588052000150E+01
  3.6699916687060096E+01
  3.6699242153361290E+01
  3.6698564473131029E+01
  3.6697883671235992E+01
  3.6697199774835028E+01
  3.6696504771295075E+01
  3.6695799827982462E+01
  3.6695085131242529E+01
  3.6694360817666499E+01
  3.6693626980730947E+01
  3.6692883673314171E+01
  3.6692130909273580E+01
  3.6691368663021777E+01
  3.6690596867084281E+01
  3.6689815407845906E+01
  3.6689201525675756E+01
  3.6688753128354776E+01
  3.6688464896473548E+01
  3.6688333234289296E+01
  3.6688355867380956E+01
  3.6688530907102702E+01
  3.6688857406934147E+01
  3.6689335655312284E+01
  3.6689965947205714E+01
  3.6690747416799162E+01
  3.6691510943312018E+01
  3.6692232643210865E+01
  3.6692912269278324E+01
  3.6693549717907459E+01
  3.6694144841428191E+01
  3.6694697440596606E+01
  3.6695207376438496E+01
  3.6695674635282892E+01
  3.6696099349594682E+01
  3.6696481784438049E+01
  3.6696843253820404E+01
  3.6697189547650957E+01
  3.6697520592925208E+01
  3.6697836470476922E+01
  3.6698137303631206E+01
  3.6698423233763918E+01
  3.6698694393375348E+01
  3.6698950878536451E+01
  3.6699192727691383E+01
  3.6699419908543483E+01
  3.6699604811808562E+01
  3.6699751546009196E+01
  3.6699860953700167E+01
  3.6699933455972300E+01
  3.6699969265757495E+01
  3.6699968459353315E+01
  3.6699931007598508E+01
  3.6699856795808678E+01
  3.6699745639354198E+01
  3.6699597295597925E+01
  3.6699438912331047E+01
  3.6699275164229988E+01
  3.6699104879611362E+01
  3.6698927228825788E+01
  3.6698741549252816E+01
  3.6698547271597292E+01
  3.6698343889945676E+01
  3.6698130949051709E+01
  3.6697908037610574E+01
  3.6697674784419867E+01
  3.6697414476131804E+01
  3.6697129531910846E+01
  3.6696820605317484E+01
  3.6696488122149724E+01
  3.6696132382547830E+01
  3.6695753614870881E+01
  3.6695352003617842E+01
  3.6694927703509464E+01
  3.6694480846453466E+01
  3.6694011544774568E+01
  3.6693532188853943E+01
  3.6693046090515196E+01
  3.6692553020749628E+01
  3.6692052822810638E+01
  3.6691545390977005E+01
  3.6691030655241555E+01
  3.6690508570993934E+01
  3.6689979112353647E+01
  3.6689442267940969E+01
  3.6688898038161632E+01
  3.6688351206277062E+01
  3.6687803135749149E+01
  3.6687253891490457E+01
  3.6686703531907938E+01
  3.6686152107966002E+01
  3.6685599663429699E+01
  3.6685046235706821E+01
  3.6684491856917596E+01
  3.6683936554974927E+01
  3.6683380354546735E+01
  3.6682819767992811E+01
  3.6682255216569764E+01
  3.6681686718008990E+01
  3.6681114292437996E+01
  3.6680537963153114E+01
  3.6679957756734630E+01
  3.6679373702836884E+01
  3.6678785833836805E+01
  3.6678194184451627E+01
  3.6677598791396335E+01
  3.6676991468148564E+01
  3.6676373315234848E+01
  3.6675744539365795E+01
  3.6675105293757532E+01
  3.6674455685389212E+01
  3.6673795777775901E+01
  3.6673125592628793E+01
  3.6672445109507542E+01
  3.6671754263249667E+01
  3.6671052938829028E+01
  3.6670524974148478E+01
  3.6670167814872016E+01
  3.6669975544095550E+01
  3.6669943792711116E+01
  3.6670069554386750E+01
  3.6670350295764308E+01
  3.6670784384998818E+01
  3.6671371309807455E+01
  3.6672110522870625E+01
  3.6673000365305263E+01
  3.6673865346763733E+01
  3.6674684345921939E+01
  3.6675457516152250E+01
  3.6676185095402701E+01
  3.6676867246919358E+01
  3.6677504058509150E+01
  3.6678095651345032E+01
  3.6678642243602617E+01
  3.6679144172058123E+01
  3.6679601881147867E+01
  3.6680037504147428E+01
  3.6680456312128115E+01
  3.6680858276051701E+01
  3.6681243518153899E+01
  3.6681612201869214E+01
  3.6681964507808622E+01
  3.6682300608218668E+01
  3.6682620640868059E+01
  3.6682924688947153E+01
  3.6683212768736304E+01
  3.6683457689072128E+01
  3.6683663501517188E+01
  3.6683831159134805E+01
  3.6683961191665055E+01
  3.6684053917155630E+01
  3.6684109513142367E+01
  3.6684128047875866E+01
  3.6684109500197962E+01
  3.6684053775114890E+01
  3.6683960715566144E+01
  3.6683857557732367E+01
  3.6683748499501668E+01
  3.6683632404513276E+01
  3.6683508476627054E+01
  3.6683376086344879E+01
  3.6683234697458772E+01
  3.6683083836901844E+01
  3.6682923081746551E+01
  3.6682752052232885E+01
  3.6682570407794785E+01
  3.6682361869443071E+01
  3.6682128775690565E+01
  3.6681871803224666E+01
  3.6681591401551053E+01
  3.6681287894254183E+01
  3.6680961532194289E+01
  3.6680612521065200E+01
  3.6680241035371736E+01
  3.6679847225411827E+01
  3.6679431220584334E+01
  3.6679005333027604E+01
  3.6678572613574012E+01
  3.6678132844911083E+01
  3.6677685880549511E+01
  3.6677231623815160E+01
  3.6676770012801150E+01
  3.6676301010256431E+01
  3.6675824597051424E+01
  3.6675340768040392E+01
  3.6674849529382932E+01
  3.6674355611257695E+01
  3.6673860282947274E+01
  3.6673363610822676E+01
  3.6672865654502544E+01
  3.6672366466132218E+01
  3.6671866090724095E+01
  3.6671364567033706E+01
  3.6670861928629677E+01
  3.6670358204950794E+01
  3.6669853422240138E+01
  3.6669344207062743E+01
  3.6668830953261043E+01
  3.6668313681089934E+01
  3.6667792413140887E+01
  3.6667267175025408E+01
  3.6666737995453254E+01
  3.6666204906014748E+01
  3.6665667940835043E+01
  3.6665127136204916E+01
  3.6664582530253519E+01
