  3.7000000000000000E+01
  3.6999968690314844E+01
  3.6999944372304476E+01
  3.6999922096956702E+01
  3.6999899575450925E+01
  3.6999877449622126E+01
  3.6999856472702895E+01
  3.6999837188285113E+01
  3.6999820126075875E+01
  3.6999805742986553E+01
  3.6999794318418040E+01
  3.6999786067757412E+01
  3.6999778860719452E+01
  3.6999772420633469E+01
  3.6999766559206670E+01
  3.6999761092874600E+01
  3.6999755925110506E+01
  3.6999750989446483E+01
  3.6999746245888460E+01
  3.6999741667069465E+01
  3.6999738863238314E+01
  3.6999734381912710E+01
  3.6999729271726231E+01
  3.6999723288318620E+01
  3.6999716519823949E+01
  3.6999708908388968E+01
  3.6999700453329432E+01
  3.6999691121933424E+01
  3.6999680880223465E+01
  3.6999669679070266E+01
  3.6999657369900341E+01
  3.6999644654248456E+01
  3.6999631188575435E+01
  3.6999616952194373E+01
  3.6999601907558684E+01
  3.6999585859193822E+01
  3.6999568567672704E+01
  3.6999550443929401E+01
  3.6999530659536433E+01
  3.6999508565944261E+01
  3.6999481941896732E+01
  3.6999457804008294E+01
  3.6999436348966910E+01
  3.6999416555026770E+01
  3.6999397973340223E+01
  3.6999379236301742E+01
  3.6999361356638246E+01
  3.6999343956862027E+01
  3.6999327070811326E+01
  3.6999310826568149E+01
  3.6999294908835921E+01
  3.6999278790229894E+01
  3.6999262845880978E+01
  3.6999246830919716E+01
  3.6999230647187083E+01
  3.6999214278180496E+01
  3.6999197906248362E+01
  3.6999181242813535E+01
  3.6999165244458752E+01
  3.6999149257321989E+01
  3.6999131966236689E+01
  3.6999112680569276E+01
  3.6999092755812455E+01
  3.6999072608961214E+01
  3.6999052262544780E+01
  3.6999031586676693E+01
  3.6999010432392041E+01
  3.6998988930221167E+01
  3.6998966340662108E+01
  3.6998942810807144E+01
  3.6998918227192355E+01
  3.6998894786102831E+01
  3.6998872257248493E+01
  3.6998850440785418E+01
  3.6998829179769956E+01
  3.6998808383154703E+01
  3.6998788103252750E+01
  3.6998768136718780E+01
  3.6998748168017968E+01
  3.6998728727877264E+01
  3.6998709375412446E+01
  3.6998689369142220E+01
  3.6998668899930600E+01
  3.6998648085959616E+01
  3.6998626998428641E+01
  3.6998605994400762E+01
  3.6998584760734360E+01
  3.6998563294696545E+01
  3.6998541657408843E+01
  3.6998520053840132E+01
  3.6998498233368302E+01
  3.6998476923842254E+01
  3.6998456074148343E+01
  3.6998435636522544E+01
  3.6998415568599782E+01
  3.6998395833959485E+01
  3.6998376401917653E+01
  3.6998357284870735E+01
  3.6998338471625985E+01
  3.6998319924814368E+01
  3.6998301497689511E+01
  3.6998304949029297E+01
  3.6998311483813559E+01
  3.6998321300801088E+01
  3.6998343952183916E+01
  3.6998381799611550E+01
  3.6998433396851127E+01
  3.6998497942774407E+01
  3.6998574517819890E+01
  3.6998660969515704E+01
  3.6998755628734486E+01
  3.6998843976021433E+01
  3.6998924082560706E+01
  3.6998995839693237E+01
  3.6999059967125916E+01
  3.6999116989973551E+01
  3.6999167688996444E+01
  3.6999212741666121E+01
  3.6999252815369900E+01
  3.6999288493747663E+01
  3.6999321930587584E+01
  3.6999347612278868E+01
  3.6999368585968327E+01
  3.6999385042148127E+01
  3.6999397698162163E+01
  3.6999406885053972E+01
  3.6999412967440470E+01
  3.6999416190029947E+01
  3.6999416752985674E+01
  3.6999414795818929E+01
  3.6999410324378076E+01
  3.6999404597925924E+01
  3.6999397254882652E+01
  3.6999388342927389E+01
  3.6999377823038813E+01
  3.6999365584397694E+01
  3.6999350924391720E+01
  3.6999334697112289E+01
  3.6999316077799641E+01
  3.6999294126902321E+01
  3.6999266326551876E+01
  3.6999243722149600E+01
  3.6999224545676007E+01
  3.6999206898833762E+01
  3.6999190130137940E+01
  3.6999171419252853E+01
  3.6999153833479809E+01
  3.6999137586961758E+01
  3.6999122584168447E+01
  3.6999108673731847E+01
  3.6999095313810216E+01
  3.6999082231961410E+01
  3.6999068985318573E+01
  3.6999055459926410E+01
  3.6999041692484496E+01
  3.6999027748847176E+01
  3.6999013810815867E+01
  3.6998998438227183E+01
  3.6998983358484665E+01
  3.6998968029253078E+01
  3.6998950871036833E+01
  3.6998933217069492E+01
  3.6998915675274041E+01
  3.6998898195668737E+01
  3.6998880495274918E+01
  3.6998862244733040E+01
  3.6998843180907642E+01
  3.6998823461748032E+01
  3.6998801545824875E+01
  3.6998777462779223E+01
  3.6998751780069789E+01
  3.6998727993183174E+01
  3.6998705579162205E+01
  3.6998684170418223E+01
  3.6998663512793613E+01
  3.6998643452976758E+01
  3.6998623981506334E+01
  3.6998604770149065E+01
  3.6998585157794167E+01
  3.6998565961823566E+01
  3.6998546812029900E+01
  3.6998527450420617E+01
  3.6998507873582192E+01
  3.6998488073854780E+01
  3.6998468041623305E+01
  3.6998448139631009E+01
  3.6998427769138480E+01
  3.6998406863957612E+01
  3.6998385593262775E+01
  3.6998364210992172E+01
  3.6998342531760862E+01
  3.6998321563678573E+01
  3.6998301196170573E+01
  3.6998281340034538E+01
  3.6998261924086606E+01
  3.6998242891934034E+01
  3.6998224199126852E+01
  3.6998205842924627E+01
  3.6998187804533806E+01
  3.6998170045581837E+01
  3.6998152418577661E+01
  3.6998155285745703E+01
  3.6998163928780436E+01
  3.6998178633612845E+01
  3.6998206561082803E+01
  3.6998249351814721E+01
  3.6998306163248039E+01
  3.6998376562901811E+01
  3.6998459507439449E+01
  3.6998552564000718E+01
  3.6998652263043752E+01
  3.6998747144668471E+01
  3.6998832908231300E+01
  3.6998910078618344E+01
  3.6998979162298362E+01
  3.6999040844371656E+01
  3.6999095872913024E+01
  3.6999144981958374E+01
  3.6999188848252309E+01
  3.6999228084149991E+01
  3.6999263233328939E+01
  3.6999291876288147E+01
  3.6999315197327405E+01
  3.6999333810324629E+01
  3.6999348329254353E+01
  3.6999359166205174E+01
  3.6999366687312516E+01
  3.6999371162550034E+01
  3.6999372804275453E+01
  3.6999371764783163E+01
  3.6999368145298412E+01
  3.6999363096052889E+01
  3.6999356372959994E+01
  3.6999347998977441E+01
  3.6999337903686381E+01
  3.6999326025379155E+01
  3.6999311468748765E+01
  3.6999295241724958E+01
  3.6999276525239061E+01
  3.6999254274512928E+01
  3.6999227306170901E+01
  3.6999204859060185E+01
  3.6999186077555620E+01
  3.6999168758865579E+01
  3.6999152196430707E+01
  3.6999133042588319E+01
  3.6999115023416095E+01
  3.6999098642188130E+01
  3.6999083759210073E+01
  3.6999070109699680E+01
  3.6999057485735946E+01
  3.6999044883554674E+01
  3.6999032039463529E+01
  3.6999018878675876E+01
  3.6999005488187947E+01
  3.6998991964114332E+01
  3.6998978462342770E+01
  3.6998963138268401E+01
  3.6998948021645973E+01
  3.6998932598371397E+01
  3.6998915924365349E+01
  3.6998898522993962E+01
  3.6998881555102230E+01
  3.6998864787897340E+01
  3.6998847820034449E+01
  3.6998830244698951E+01
  3.6998811753256916E+01
  3.6998792517604500E+01
  3.6998770708811470E+01
  3.6998746263250780E+01
  3.6998720511221777E+01
  3.6998696395921066E+01
  3.6998673834669049E+01
  3.6998652392425790E+01
  3.6998631776754408E+01
  3.6998611808476667E+01
  3.6998592441150009E+01
  3.6998573314768983E+01
  3.6998553641512153E+01
  3.6998534352529020E+01
  3.6998515382791510E+01
  3.6998496079671426E+01
  3.6998476667379471E+01
  3.6998457086927949E+01
  3.6998437296157540E+01
  3.6998417662974674E+01
  3.6998397478731107E+01
  3.6998376653589915E+01
  3.6998355396513148E+01
  3.6998333965324633E+01
  3.6998312401996365E+01
  3.6998291410170587E+01
  3.6998271072045839E+01
  3.6998251282759604E+01
  3.6998231960243629E+01
  3.6998213040567769E+01
  3.6998194474092351E+01
  3.6998176249955925E+01
  3.6998158346145736E+01
  3.6998140725257763E+01
  3.6998123366875078E+01
  3.6998125569155519E+01
  3.6998134381757254E+01
  3.6998150111098319E+01
  3.6998178961792810E+01
  3.6998222327915570E+01
  3.6998279659090720E+01
  3.6998350712132378E+01
  3.6998434433806715E+01
  3.6998528321792037E+01
  3.6998628862048115E+01
  3.6998724628260291E+01
  3.6998811203531751E+01
  3.6998889190210654E+01
  3.6998959061412968E+01
  3.6999021520112301E+01
  3.6999077307296794E+01
  3.6999127160507413E+01
  3.6999171754208184E+01
  3.6999211700975430E+01
  3.6999247543557040E+01
  3.6999276721016479E+01
  3.6999300532479772E+01
  3.6999319568894535E+01
  3.6999334463333128E+01
  3.6999345628754753E+01
  3.6999353437443787E+01
  3.6999358161700236E+01
  3.6999360016413263E+01
  3.6999359155399091E+01
  3.6999355680969735E+01
  3.6999350765792180E+01
  3.6999344163901384E+01
  3.6999335895612496E+01
  3.6999325871398369E+01
  3.6999314057053240E+01
  3.6999299474310988E+01
  3.6999283198459402E+01
  3.6999264408122471E+01
  3.6999242016032582E+01
  3.6999214798632948E+01
  3.6999192445340789E+01
  3.6999173827205027E+01
  3.6999156629035497E+01
  3.6999140133899800E+01
  3.6999120779135268E+01
  3.6999102538730206E+01
  3.6999086057166046E+01
  3.6999071179926382E+01
  3.6999057593636792E+01
  3.6999045050249102E+01
  3.6999032619915909E+01
  3.6999019900867211E+01
  3.6999006846429502E+01
  3.6998993568230851E+01
  3.6998980176206445E+01
  3.6998966809394865E+01
  3.6998951458634259E+01
  3.6998936290420815E+01
  3.6998920794572214E+01
  3.6998903979222014E+01
  3.6998886677721636E+01
  3.6998869935329544E+01
  3.6998853448658096E+01
  3.6998836770074412E+01
  3.6998819462048971E+01
  3.6998801197117842E+01
  3.6998782155951140E+01
  3.6998760390043500E+01
  3.6998735783662809E+01
  3.6998709779586498E+01
  3.6998685531874024E+01
  3.6998662909020915E+01
  3.6998641449070547E+01
  3.6998620844593837E+01
  3.6998600905809376E+01
  3.6998581567116496E+01
  3.6998562459996599E+01
  3.6998542742892994E+01
  3.6998523398246618E+01
  3.6998504370250437E+01
  3.6998485086681448E+01
  3.6998465737956813E+01
  3.6998446243261697E+01
  3.6998426546993720E+01
  3.6998407021127491E+01
  3.6998386909306269E+01
  3.6998366111920802E+01
  3.6998344855215841E+01
  3.6998323394620535E+01
  3.6998301785654263E+01
  3.6998280778018049E+01
  3.6998260444959108E+01
  3.6998240675408248E+01
  3.6998221382993826E+01
  3.6998202500815800E+01
  3.6998183977199240E+01
  3.6998165797230101E+01
  3.6998147937518965E+01
  3.6998130361540035E+01
  3.6998113050412663E+01
  3.6998114937917329E+01
  3.6998123781064479E+01
  3.6998139897662973E+01
  3.6998169071603904E+01
  3.6998212591903375E+01
  3.6998270044832140E+01
  3.6998341275034612E+01
  3.6998425225375264E+01
  3.6998519363395381E+01
  3.6998620156268160E+01
  3.6998716199703665E+01
  3.6998803027455097E+01
  3.6998881276897208E+01
  3.6998951404593605E+01
  3.6999014121250966E+01
  3.6999070164367701E+01
  3.6999120272666843E+01
  3.6999165119323997E+01
  3.6999205316670682E+01
  3.6999241406744183E+01
  3.6999270769830574E+01
  3.6999294754090748E+01
  3.6999313938553229E+01
  3.6999328964384851E+01
  3.6999340244532689E+01
  3.6999348153526803E+01
  3.6999352964359844E+01
  3.6999354892722629E+01
  3.6999354092852734E+01
  3.6999350667333637E+01
  3.6999345797601990E+01
  3.6999339237257772E+01
  3.6999331005243626E+01
  3.6999321001792438E+01
  3.6999309207822094E+01
  3.6999294605927588E+01
  3.6999278303769657E+01
  3.6999259477430897E+01
  3.6999237020513462E+01
  3.6999209691577569E+01
  3.6999187379423198E+01
  3.6999168833057595E+01
  3.6999151686684023E+01
  3.6999135220969841E+01
  3.6999115774158511E+01
  3.6999097425453762E+01
  3.6999080891430246E+01
  3.6999066011448399E+01
  3.6999052449126275E+01
  3.6999039937257848E+01
  3.6999027581031555E+01
  3.6999014913355239E+01
  3.6999001901237961E+01
  3.6998988668154432E+01
  3.6998975330621583E+01
  3.6998962017453387E+01
  3.6998946645522260E+01
  3.6998931447884814E+01
  3.6998915912727433E+01
  3.6998899025697597E+01
  3.6998881764026827E+01
  3.6998865120319707E+01
  3.6998848758950963E+01
  3.6998832210960423E+01
  3.6998815024575251E+01
  3.6998796863208987E+01
  3.6998777912549350E+01
  3.6998756168439797E+01
  3.6998731486944116E+01
  3.6998705364130423E+01
  3.6998681054059595E+01
  3.6998658401871715E+01
  3.6998636932833413E+01
  3.6998616332473247E+01
  3.6998596405908067E+01
  3.6998577077238764E+01
  3.6998557975516356E+01
  3.6998538233813001E+01
  3.6998518859609725E+01
  3.6998499801123828E+01
  3.6998480524433745E+01
  3.6998461203694333E+01
  3.6998441747557017E+01
  3.6998422094085441E+01
  3.6998402617641482E+01
  3.6998382539022423E+01
  3.6998361754051899E+01
  3.6998340497219822E+01
  3.6998319021469555E+01
  3.6998297389137576E+01
  3.6998276372080397E+01
  3.6998256039334350E+01
  3.6998236276915343E+01
  3.6998216996434742E+01
  3.6998198129603693E+01
  3.6998179623797981E+01
  3.6998161461964969E+01
  3.6998143620041731E+01
  3.6998126062051838E+01
  3.6998108770089715E+01
