  3.7000000000000000E+01
  3.6999988117590675E+01
  3.6999978152029286E+01
  3.6999970911267461E+01
  3.6999966292388883E+01
  3.6999963709981159E+01
  3.6999962570008854E+01
  3.6999962386099497E+01
  3.6999962787652727E+01
  3.6999963521274509E+01
  3.6999964433058445E+01
  3.6999965151331203E+01
  3.6999965183369341E+01
  3.6999964896503663E+01
  3.6999964441105199E+01
  3.6999963891764907E+01
  3.6999963285676841E+01
  3.6999962643595182E+01
  3.6999961976929825E+01
  3.6999961292214635E+01
  3.6999961168692487E+01
  3.6999960486223110E+01
  3.6999959434874079E+01
  3.6999958113255232E+01
  3.6999956540117616E+01
  3.6999954720428036E+01
  3.6999952641597474E+01
  3.6999950281374488E+01
  3.6999947606490963E+01
  3.6999944572388131E+01
  3.6999941098204268E+01
  3.6999937584750064E+01
  3.6999933930798861E+01
  3.6999930046310112E+01
  3.6999925851212680E+01
  3.6999921265159315E+01
  3.6999916196389194E+01
  3.6999910523849202E+01
  3.6999904130441145E+01
  3.6999896851120091E+01
  3.6999887917363253E+01
  3.6999879735289262E+01
  3.6999872370361992E+01
  3.6999865893036180E+01
  3.6999860325793627E+01
  3.6999855681830240E+01
  3.6999851891776423E+01
  3.6999848915758569E+01
  3.6999846690955948E+01
  3.6999845148363725E+01
  3.6999843994592197E+01
  3.6999842053731754E+01
  3.6999839417501427E+01
  3.6999836155529671E+01
  3.6999832302627460E+01
  3.6999827870413604E+01
  3.6999822849781658E+01
  3.6999817228071450E+01
  3.6999810948347196E+01
  3.6999803982064108E+01
  3.6999795953898264E+01
  3.6999788307824936E+01
  3.6999780987646275E+01
  3.6999773970634479E+01
  3.6999767246937324E+01
  3.6999760810789475E+01
  3.6999754656334026E+01
  3.6999748770697821E+01
  3.6999743162297037E+01
  3.6999737814732249E+01
  3.6999732491165396E+01
  3.6999727116157239E+01
  3.6999721703519022E+01
  3.6999716262039868E+01
  3.6999710796361903E+01
  3.6999705307415283E+01
  3.6999699791461353E+01
  3.6999694250587993E+01
  3.6999688687849172E+01
  3.6999683084524420E+01
  3.6999677313647013E+01
  3.6999671720618181E+01
  3.6999666290461171E+01
  3.6999661012017079E+01
  3.6999655876659283E+01
  3.6999650869922561E+01
  3.6999645995661595E+01
  3.6999641248838401E+01
  3.6999636623264685E+01
  3.6999632110008207E+01
  3.6999627627987039E+01
  3.6999623254164860E+01
  3.6999618989470527E+01
  3.6999614834185529E+01
  3.6999610787995174E+01
  3.6999606850074287E+01
  3.6999603019181350E+01
  3.6999599292843456E+01
  3.6999595669218309E+01
  3.6999592147024785E+01
  3.6999588669570393E+01
  3.6999603639173529E+01
  3.6999632768714697E+01
  3.6999669401258778E+01
  3.6999707678214222E+01
  3.6999744090274902E+01
  3.6999776853449987E+01
  3.6999805284859590E+01
  3.6999829506854574E+01
  3.6999850073674544E+01
  3.6999868348690683E+01
  3.6999881606066175E+01
  3.6999891807512043E+01
  3.6999899903331404E+01
  3.6999906483441158E+01
  3.6999911924110151E+01
  3.6999916468977723E+01
  3.6999920294649222E+01
  3.6999923528788059E+01
  3.6999926269511981E+01
  3.6999929168484478E+01
  3.6999931059689089E+01
  3.6999932182715334E+01
  3.6999932725368517E+01
  3.6999932744843086E+01
  3.6999932285100328E+01
  3.6999931362947919E+01
  3.6999929981374486E+01
  3.6999928127183225E+01
  3.6999925772017789E+01
  3.6999922847644370E+01
  3.6999919827691450E+01
  3.6999916614320817E+01
  3.6999913116490255E+01
  3.6999909255240937E+01
  3.6999904949538127E+01
  3.6999900117278173E+01
  3.6999894625800287E+01
  3.6999888362540780E+01
  3.6999881171363128E+01
  3.6999872292256974E+01
  3.6999864110116988E+01
  3.6999856760838512E+01
  3.6999850340034186E+01
  3.6999844869895142E+01
  3.6999840385055045E+01
  3.6999836750084924E+01
  3.6999833920099071E+01
  3.6999831848371471E+01
  3.6999830479337511E+01
  3.6999829524792439E+01
  3.6999827759620239E+01
  3.6999825294335359E+01
  3.6999822188611546E+01
  3.6999818472499442E+01
  3.6999814156531421E+01
  3.6999809232788515E+01
  3.6999803713495979E+01
  3.6999797516600765E+01
  3.6999790612632324E+01
  3.6999782634371627E+01
  3.6999775001747544E+01
  3.6999767686455598E+01
  3.6999760680635468E+01
  3.6999753981773871E+01
  3.6999747586831027E+01
  3.6999741489576046E+01
  3.6999735673155037E+01
  3.6999730161669092E+01
  3.6999724933725780E+01
  3.6999719729651019E+01
  3.6999714438940821E+01
  3.6999709090662186E+01
  3.6999703702264831E+01
  3.6999698283329337E+01
  3.6999692837727572E+01
  3.6999687363948858E+01
  3.6999681867244405E+01
  3.6999676358219560E+01
  3.6999670809015683E+01
  3.6999665090709911E+01
  3.6999659539275918E+01
  3.6999654146993336E+01
  3.6999648906871961E+01
  3.6999643812506335E+01
  3.6999638849090836E+01
  3.6999634027084930E+01
  3.6999629341239235E+01
  3.6999624780976234E+01
  3.6999620335231612E+01
  3.6999615920817973E+01
  3.6999611607955401E+01
  3.6999607400402560E+01
  3.6999603300321311E+01
  3.6999599308623893E+01
  3.6999595425264459E+01
  3.6999591649476258E+01
  3.6999587979191816E+01
  3.6999584412699598E+01
  3.6999580948652202E+01
  3.6999577530287354E+01
  3.6999592756057346E+01
  3.6999622193097188E+01
  3.6999659218960396E+01
  3.6999698025934485E+01
  3.6999735032729014E+01
  3.6999768390613319E+01
  3.6999797415311420E+01
  3.6999822233734811E+01
  3.6999843387315806E+01
  3.6999861508830271E+01
  3.6999875549161672E+01
  3.6999886302677474E+01
  3.6999894832594570E+01
  3.6999901781817385E+01
  3.6999907538935545E+01
  3.6999912363451820E+01
  3.6999916437864997E+01
  3.6999919896215864E+01
  3.6999922840237652E+01
  3.6999925349422085E+01
  3.6999927604101423E+01
  3.6999928968658686E+01
  3.6999929689695151E+01
  3.6999929854189624E+01
  3.6999929512629713E+01
  3.6999928688652908E+01
  3.6999927388281591E+01
  3.6999925600738173E+01
  3.6999923299172394E+01
  3.6999920439000618E+01
  3.6999917452375769E+01
  3.6999914269158701E+01
  3.6999910798581979E+01
  3.6999906961597482E+01
  3.6999902675559944E+01
  3.6999897861902681E+01
  3.6999892383234460E+01
  3.6999886128140197E+01
  3.6999878943531989E+01
  3.6999870630446821E+01
  3.6999862414181003E+01
  3.6999855028423447E+01
  3.6999848578170180E+01
  3.6999843085941585E+01
  3.6999838595093472E+01
  3.6999834949102912E+01
  3.6999832099606991E+01
  3.6999830006633402E+01
  3.6999828620602379E+01
  3.6999827880398684E+01
  3.6999826086411630E+01
  3.6999823602832237E+01
  3.6999820484288314E+01
  3.6999816757830821E+01
  3.6999812432553419E+01
  3.6999807500756560E+01
  3.6999801982225549E+01
  3.6999795785857820E+01
  3.6999788881438796E+01
  3.6999781227154017E+01
  3.6999773572625706E+01
  3.6999766230368188E+01
  3.6999759198632134E+01
  3.6999752478011537E+01
  3.6999746066745942E+01
  3.6999739958676635E+01
  3.6999734135480580E+01
  3.6999728626946229E+01
  3.6999723411129992E+01
  3.6999718436714069E+01
  3.6999713140158470E+01
  3.6999707780164279E+01
  3.6999702377425784E+01
  3.6999696943292612E+01
  3.6999691482680191E+01
  3.6999685995123315E+01
  3.6999680486525229E+01
  3.6999674970187357E+01
  3.6999669414637893E+01
  3.6999663818076961E+01
  3.6999658252981533E+01
  3.6999652845607763E+01
  3.6999647590692355E+01
  3.6999642482749159E+01
  3.6999637506788780E+01
  3.6999632675839344E+01
  3.6999627984575000E+01
  3.6999623420797271E+01
  3.6999618972988713E+01
  3.6999614636637205E+01
  3.6999610318024210E+01
  3.6999606103559600E+01
  3.6999601996110783E+01
  3.6999597997048433E+01
  3.6999594106616009E+01
  3.6999590324221096E+01
  3.6999586648002342E+01
  3.6999583076288459E+01
  3.6999579607657424E+01
  3.6999576240103501E+01
  3.6999591474255503E+01
  3.6999620889034681E+01
  3.6999657892552221E+01
  3.6999696711612934E+01
  3.6999733746728502E+01
  3.6999767131850369E+01
  3.6999796188457559E+01
  3.6999821048840843E+01
  3.6999842251133593E+01
  3.6999860423351173E+01
  3.6999874508694035E+01
  3.6999885304552471E+01
  3.6999893871658514E+01
  3.6999900855792184E+01
  3.6999906644972000E+01
  3.6999911499681481E+01
  3.6999915602551759E+01
  3.6999919088023773E+01
  3.6999922058002184E+01
  3.6999924592177642E+01
  3.6999926870266478E+01
  3.6999928254371589E+01
  3.6999928993824263E+01
  3.6999929174628043E+01
  3.6999928847497465E+01
  3.6999928035952273E+01
  3.6999926746070486E+01
  3.6999924967079394E+01
  3.6999922672149523E+01
  3.6999919816700263E+01
  3.6999916834324893E+01
  3.6999913655040459E+01
  3.6999910188010588E+01
  3.6999906354316160E+01
  3.6999902070563735E+01
  3.6999897259797841E+01
  3.6999891782571488E+01
  3.6999885528097472E+01
  3.6999878344461443E+01
  3.6999870033704006E+01
  3.6999861810684351E+01
  3.6999854418467557E+01
  3.6999847965315993E+01
  3.6999842473121703E+01
  3.6999837988568359E+01
  3.6999834346751157E+01
  3.6999831497050693E+01
  3.6999829402267622E+01
  3.6999828015299364E+01
  3.6999827275810844E+01
  3.6999825481902256E+01
  3.6999823000693929E+01
  3.6999819884851490E+01
  3.6999816160535268E+01
  3.6999811836559779E+01
  3.6999806905306087E+01
  3.6999801390892003E+01
  3.6999795197503957E+01
  3.6999788295176707E+01
  3.6999780643522143E+01
  3.6999772985231075E+01
  3.6999765637217216E+01
  3.6999758600063089E+01
  3.6999751875562083E+01
  3.6999745462449923E+01
  3.6999739354604024E+01
  3.6999733533032213E+01
  3.6999728029914472E+01
  3.6999722823408661E+01
  3.6999717858339110E+01
  3.6999712565967371E+01
  3.6999707207435797E+01
  3.6999701804743147E+01
  3.6999696369954066E+01
  3.6999690908426906E+01
  3.6999685420236062E+01
  3.6999679911439088E+01
  3.6999674396507693E+01
  3.6999668842392303E+01
  3.6999663247067787E+01
  3.6999657681164550E+01
  3.6999652272210760E+01
  3.6999647015676601E+01
  3.6999641906458287E+01
  3.6999636929447206E+01
  3.6999632098799339E+01
  3.6999627409156140E+01
  3.6999622847629595E+01
  3.6999618402615944E+01
  3.6999614069146162E+01
  3.6999609752367441E+01
  3.6999605539119031E+01
  3.6999601432553888E+01
  3.6999597434229656E+01
  3.6999593544509324E+01
  3.6999589762874166E+01
  3.6999586087569440E+01
  3.6999582516942482E+01
  3.6999579049530084E+01
  3.6999575683276504E+01
  3.6999590931336542E+01
  3.6999620350698670E+01
  3.6999657359643479E+01
  3.6999696197593885E+01
  3.6999733255528795E+01
  3.6999766659328024E+01
  3.6999795733380310E+01
  3.6999820612923600E+01
  3.6999841835200954E+01
  3.6999860026693419E+01
  3.6999874128223333E+01
  3.6999884938814567E+01
  3.6999893518400732E+01
  3.6999900514131610E+01
  3.6999906313780727E+01
  3.6999911178296294E+01
  3.6999915290376372E+01
  3.6999918784639540E+01
  3.6999921763065110E+01
  3.6999924305427115E+01
  3.6999926591275212E+01
  3.6999927981722095E+01
  3.6999928727266287E+01
  3.6999928913447526E+01
  3.6999928591076710E+01
  3.6999927783612186E+01
  3.6999926497143420E+01
  3.6999924720889631E+01
  3.6999922428021335E+01
  3.6999919573952383E+01
  3.6999916592808120E+01
  3.6999913414667326E+01
  3.6999909948676198E+01
  3.6999906115999259E+01
  3.6999901832847733E+01
  3.6999897023051588E+01
  3.6999891546193865E+01
  3.6999885291804269E+01
  3.6999878108494777E+01
  3.6999869798764585E+01
  3.6999861572676494E+01
  3.6999854177541742E+01
  3.6999847723016011E+01
  3.6999842230687406E+01
  3.6999837748803948E+01
  3.6999834108803213E+01
  3.6999831258786841E+01
  3.6999829162797091E+01
  3.6999827774945004E+01
  3.6999827035463930E+01
  3.6999825241246221E+01
  3.6999822760850684E+01
  3.6999819646015560E+01
  3.6999815922458140E+01
  3.6999811598881990E+01
  3.6999806667950679E+01
  3.6999801155302983E+01
  3.6999794963263177E+01
  3.6999788061781487E+01
  3.6999780411290573E+01
  3.6999772751190434E+01
  3.6999765400423449E+01
  3.6999758360638396E+01
  3.6999751634186595E+01
  3.6999745220041895E+01
  3.6999739112112998E+01
  3.6999733291079181E+01
  3.6999727790240861E+01
  3.6999722587902646E+01
  3.6999717627058189E+01
  3.6999712336490930E+01
  3.6999706978509046E+01
  3.6999701575721957E+01
  3.6999696140524335E+01
  3.6999690678481123E+01
  3.6999685189946987E+01
  3.6999679681004402E+01
  3.6999674166678467E+01
  3.6999668613156807E+01
  3.6999663018321471E+01
  3.6999657451919468E+01
  3.6999652042090780E+01
  3.6999646784659255E+01
  3.6999641674702069E+01
  3.6999636697043691E+01
  3.6999631866382643E+01
  3.6999627177344372E+01
  3.6999622616713992E+01
  3.6999618172880353E+01
  3.6999613840642787E+01
  3.6999609524600437E+01
  3.6999605311794795E+01
  3.6999601205513173E+01
  3.6999597207401067E+01
  3.6999593317877533E+01
  3.6999589536458387E+01
  3.6999585861444615E+01
  3.6999582291191736E+01
  3.6999578824212811E+01
  3.6999575458422207E+01
