   20.0000000000000        31.6856917413487       1.782760109385855E-002
   20.0000000000000        31.6856917413487       1.782760107522301E-002
   20.6919539439261        31.7114205730482       1.782760107522301E-002
   21.1369151763779        31.7367491477344       1.782760107548009E-002
   21.5277728319634        31.7617534570854       1.782760107575704E-002
   21.8527596909660        31.7864644725005       1.782760107604566E-002
   22.1491191714435        31.8109067411070       1.782760107633308E-002
   22.4117871163803        31.8350968869039       1.782760107662165E-002
   22.6560247166956        31.8590487870511       1.782760107690592E-002
   22.8790375411030        31.8827732738650       1.782760107718804E-002
   23.0889302330339        31.9062798391793       1.782760107746503E-002
   23.2839421280473        31.9295763627206       1.782760107773855E-002
   23.4690150660645        31.9526699136496       1.782760107800675E-002
   23.6429461939072        31.9755666054618       1.782760107827094E-002
   23.8090226942799        31.9982720151550       1.782760107852986E-002
   23.9663765558112        32.0207910978736       1.782760107878456E-002
