  3.7000000000000000E+01
  3.6999968690314844E+01
  3.6999944372304476E+01
  3.6999922096956702E+01
  3.6999899575450925E+01
  3.6999877449622126E+01
  3.6999856472702895E+01
  3.6999837188285113E+01
  3.6999820126075875E+01
  3.6999805742986553E+01
  3.6999794318418033E+01
  3.6999786067757420E+01
  3.6999778860719459E+01
  3.6999772420633469E+01
  3.6999766559206670E+01
  3.6999761092874607E+01
  3.6999755925110506E+01
  3.6999750989446483E+01
  3.6999746245888460E+01
  3.6999741667069465E+01
  3.6999738863238314E+01
  3.6999734381912710E+01
  3.6999729271726238E+01
  3.6999723288318620E+01
  3.6999716519823956E+01
  3.6999708908388961E+01
  3.6999700453329439E+01
  3.6999691121933424E+01
  3.6999680880223465E+01
  3.6999669679070266E+01
  3.6999657369900341E+01
  3.6999644654248463E+01
  3.6999631188575442E+01
  3.6999616952194380E+01
  3.6999601907558699E+01
  3.6999585859193829E+01
  3.6999568567672711E+01
  3.6999550443929408E+01
  3.6999530659536440E+01
  3.6999508565944275E+01
  3.6999481941896740E+01
  3.6999457804008301E+01
  3.6999436348966917E+01
  3.6999416555026777E+01
  3.6999397973340230E+01
  3.6999379236301749E+01
  3.6999361356638254E+01
  3.6999343956862035E+01
  3.6999327070811333E+01
  3.6999310826568156E+01
  3.6999294908835921E+01
  3.6999278790229901E+01
  3.6999262845880985E+01
  3.6999246830919724E+01
  3.6999230647187083E+01
  3.6999214278180496E+01
  3.6999197906248362E+01
  3.6999181242813535E+01
  3.6999165244458752E+01
  3.6999149257321989E+01
  3.6999131966236689E+01
  3.6999112680569276E+01
  3.6999092755812455E+01
  3.6999072608961214E+01
  3.6999052262544780E+01
  3.6999031586676693E+01
  3.6999010432392041E+01
  3.6998988930221167E+01
  3.6998966340662108E+01
  3.6998942810807144E+01
  3.6998918227192355E+01
  3.6998894786102831E+01
  3.6998872257248500E+01
  3.6998850440785425E+01
  3.6998829179769963E+01
  3.6998808383154710E+01
  3.6998788103252757E+01
  3.6998768136718788E+01
  3.6998748168017976E+01
  3.6998728727877271E+01
  3.6998709375412453E+01
  3.6998689369142220E+01
  3.6998668899930600E+01
  3.6998648085959616E+01
  3.6998626998428641E+01
  3.6998605994400762E+01
  3.6998584760734360E+01
  3.6998563294696545E+01
  3.6998541657408843E+01
  3.6998520053840132E+01
  3.6998498233368302E+01
  3.6998476923842254E+01
  3.6998456074148343E+01
  3.6998435636522544E+01
  3.6998415568599782E+01
  3.6998395833959485E+01
  3.6998376401917653E+01
  3.6998357284870735E+01
  3.6998338471625985E+01
  3.6998319924814368E+01
  3.6998301497689511E+01
  3.6998304949029297E+01
  3.6998311483813559E+01
  3.6998321300801088E+01
  3.6998343952183909E+01
  3.6998381799611550E+01
  3.6998433396851119E+01
  3.6998497942774399E+01
  3.6998574517819890E+01
  3.6998660969515697E+01
  3.6998755628734479E+01
  3.6998843976021426E+01
  3.6998924082560698E+01
  3.6998995839693229E+01
  3.6999059967125909E+01
  3.6999116989973544E+01
  3.6999167688996444E+01
  3.6999212741666113E+01
  3.6999252815369879E+01
  3.6999288493747656E+01
  3.6999321930587584E+01
  3.6999347612278868E+01
  3.6999368585968327E+01
  3.6999385042148127E+01
  3.6999397698162163E+01
  3.6999406885053979E+01
  3.6999412967440470E+01
  3.6999416190029955E+01
  3.6999416752985674E+01
  3.6999414795818929E+01
  3.6999410324378076E+01
  3.6999404597925924E+01
  3.6999397254882652E+01
  3.6999388342927389E+01
  3.6999377823038813E+01
  3.6999365584397687E+01
  3.6999350924391720E+01
  3.6999334697112289E+01
  3.6999316077799641E+01
  3.6999294126902321E+01
  3.6999266326551876E+01
  3.6999243722149600E+01
  3.6999224545676007E+01
  3.6999206898833762E+01
  3.6999190130137940E+01
  3.6999171419252853E+01
  3.6999153833479809E+01
  3.6999137586961758E+01
  3.6999122584168447E+01
  3.6999108673731847E+01
  3.6999095313810216E+01
  3.6999082231961410E+01
  3.6999068985318573E+01
  3.6999055459926410E+01
  3.6999041692484496E+01
  3.6999027748847176E+01
  3.6999013810815867E+01
  3.6998998438227183E+01
  3.6998983358484665E+01
  3.6998968029253078E+01
  3.6998950871036833E+01
  3.6998933217069492E+01
  3.6998915675274041E+01
  3.6998898195668744E+01
  3.6998880495274925E+01
  3.6998862244733047E+01
  3.6998843180907649E+01
  3.6998823461748039E+01
  3.6998801545824882E+01
  3.6998777462779231E+01
  3.6998751780069796E+01
  3.6998727993183181E+01
  3.6998705579162213E+01
  3.6998684170418230E+01
  3.6998663512793620E+01
  3.6998643452976765E+01
  3.6998623981506341E+01
  3.6998604770149072E+01
  3.6998585157794174E+01
  3.6998565961823566E+01
  3.6998546812029900E+01
  3.6998527450420617E+01
  3.6998507873582192E+01
  3.6998488073854780E+01
  3.6998468041623305E+01
  3.6998448139631009E+01
  3.6998427769138480E+01
  3.6998406863957612E+01
  3.6998385593262775E+01
  3.6998364210992172E+01
  3.6998342531760862E+01
  3.6998321563678573E+01
  3.6998301196170573E+01
  3.6998281340034538E+01
  3.6998261924086606E+01
  3.6998242891934034E+01
  3.6998224199126852E+01
  3.6998205842924627E+01
  3.6998187804533806E+01
  3.6998170045581837E+01
  3.6998152418577661E+01
  3.6998155285745703E+01
  3.6998163928780436E+01
  3.6998178633612845E+01
  3.6998206561082803E+01
  3.6998249351814728E+01
  3.6998306163248039E+01
  3.6998376562901825E+01
  3.6998459507439463E+01
  3.6998552564000725E+01
  3.6998652263043766E+01
  3.6998747144668471E+01
  3.6998832908231314E+01
  3.6998910078618351E+01
  3.6998979162298362E+01
  3.6999040844371656E+01
  3.6999095872913031E+01
  3.6999144981958381E+01
  3.6999188848252302E+01
  3.6999228084149998E+01
  3.6999263233328939E+01
  3.6999291876288140E+01
  3.6999315197327405E+01
  3.6999333810324629E+01
  3.6999348329254346E+01
  3.6999359166205174E+01
  3.6999366687312516E+01
  3.6999371162550034E+01
  3.6999372804275460E+01
  3.6999371764783170E+01
  3.6999368145298419E+01
  3.6999363096052896E+01
  3.6999356372959994E+01
  3.6999347998977449E+01
  3.6999337903686389E+01
  3.6999326025379155E+01
  3.6999311468748765E+01
  3.6999295241724958E+01
  3.6999276525239061E+01
  3.6999254274512928E+01
  3.6999227306170901E+01
  3.6999204859060185E+01
  3.6999186077555620E+01
  3.6999168758865572E+01
  3.6999152196430707E+01
  3.6999133042588319E+01
  3.6999115023416095E+01
  3.6999098642188130E+01
  3.6999083759210080E+01
  3.6999070109699687E+01
  3.6999057485735953E+01
  3.6999044883554681E+01
  3.6999032039463536E+01
  3.6999018878675884E+01
  3.6999005488187954E+01
  3.6998991964114339E+01
  3.6998978462342777E+01
  3.6998963138268401E+01
  3.6998948021645973E+01
  3.6998932598371397E+01
  3.6998915924365349E+01
  3.6998898522993969E+01
  3.6998881555102237E+01
  3.6998864787897347E+01
  3.6998847820034456E+01
  3.6998830244698951E+01
  3.6998811753256916E+01
  3.6998792517604500E+01
  3.6998770708811470E+01
  3.6998746263250780E+01
  3.6998720511221777E+01
  3.6998696395921066E+01
  3.6998673834669049E+01
  3.6998652392425790E+01
  3.6998631776754408E+01
  3.6998611808476667E+01
  3.6998592441150009E+01
  3.6998573314768983E+01
  3.6998553641512153E+01
  3.6998534352529020E+01
  3.6998515382791510E+01
  3.6998496079671426E+01
  3.6998476667379478E+01
  3.6998457086927957E+01
  3.6998437296157547E+01
  3.6998417662974681E+01
  3.6998397478731114E+01
  3.6998376653589922E+01
  3.6998355396513155E+01
  3.6998333965324640E+01
  3.6998312401996373E+01
  3.6998291410170594E+01
  3.6998271072045846E+01
  3.6998251282759611E+01
  3.6998231960243636E+01
  3.6998213040567769E+01
  3.6998194474092351E+01
  3.6998176249955925E+01
  3.6998158346145736E+01
  3.6998140725257763E+01
  3.6998123366875078E+01
  3.6998125569155519E+01
  3.6998134381757247E+01
  3.6998150111098319E+01
  3.6998178961792810E+01
  3.6998222327915570E+01
  3.6998279659090720E+01
  3.6998350712132371E+01
  3.6998434433806707E+01
  3.6998528321792037E+01
  3.6998628862048115E+01
  3.6998724628260291E+01
  3.6998811203531751E+01
  3.6998889190210654E+01
  3.6998959061412968E+01
  3.6999021520112294E+01
  3.6999077307296801E+01
  3.6999127160507413E+01
  3.6999171754208184E+01
  3.6999211700975437E+01
  3.6999247543557033E+01
  3.6999276721016479E+01
  3.6999300532479772E+01
  3.6999319568894535E+01
  3.6999334463333128E+01
  3.6999345628754753E+01
  3.6999353437443787E+01
  3.6999358161700236E+01
  3.6999360016413263E+01
  3.6999359155399091E+01
  3.6999355680969735E+01
  3.6999350765792180E+01
  3.6999344163901384E+01
  3.6999335895612504E+01
  3.6999325871398376E+01
  3.6999314057053247E+01
  3.6999299474310995E+01
  3.6999283198459409E+01
  3.6999264408122478E+01
  3.6999242016032589E+01
  3.6999214798632956E+01
  3.6999192445340796E+01
  3.6999173827205034E+01
  3.6999156629035504E+01
  3.6999140133899807E+01
  3.6999120779135268E+01
  3.6999102538730206E+01
  3.6999086057166046E+01
  3.6999071179926389E+01
  3.6999057593636799E+01
  3.6999045050249109E+01
  3.6999032619915916E+01
  3.6999019900867218E+01
  3.6999006846429502E+01
  3.6998993568230858E+01
  3.6998980176206452E+01
  3.6998966809394872E+01
  3.6998951458634266E+01
  3.6998936290420822E+01
  3.6998920794572214E+01
  3.6998903979222014E+01
  3.6998886677721636E+01
  3.6998869935329552E+01
  3.6998853448658103E+01
  3.6998836770074419E+01
  3.6998819462048978E+01
  3.6998801197117849E+01
  3.6998782155951147E+01
  3.6998760390043515E+01
  3.6998735783662823E+01
  3.6998709779586513E+01
  3.6998685531874038E+01
  3.6998662909020929E+01
  3.6998641449070561E+01
  3.6998620844593852E+01
  3.6998600905809383E+01
  3.6998581567116503E+01
  3.6998562459996606E+01
  3.6998542742893008E+01
  3.6998523398246626E+01
  3.6998504370250444E+01
  3.6998485086681455E+01
  3.6998465737956820E+01
  3.6998446243261704E+01
  3.6998426546993727E+01
  3.6998407021127498E+01
  3.6998386909306276E+01
  3.6998366111920809E+01
  3.6998344855215848E+01
  3.6998323394620542E+01
  3.6998301785654270E+01
  3.6998280778018049E+01
  3.6998260444959108E+01
  3.6998240675408248E+01
  3.6998221382993826E+01
  3.6998202500815800E+01
  3.6998183977199240E+01
  3.6998165797230101E+01
  3.6998147937518965E+01
  3.6998130361540042E+01
  3.6998113050412670E+01
  3.6998114937917336E+01
  3.6998123781064486E+01
  3.6998139897662981E+01
  3.6998169071603904E+01
  3.6998212591903382E+01
  3.6998270044832147E+01
  3.6998341275034619E+01
  3.6998425225375264E+01
  3.6998519363395381E+01
  3.6998620156268160E+01
  3.6998716199703672E+01
  3.6998803027455089E+01
  3.6998881276897215E+01
  3.6998951404593598E+01
  3.6999014121250958E+01
  3.6999070164367694E+01
  3.6999120272666836E+01
  3.6999165119323997E+01
  3.6999205316670682E+01
  3.6999241406744183E+01
  3.6999270769830574E+01
  3.6999294754090748E+01
  3.6999313938553229E+01
  3.6999328964384844E+01
  3.6999340244532682E+01
  3.6999348153526803E+01
  3.6999352964359844E+01
  3.6999354892722629E+01
  3.6999354092852734E+01
  3.6999350667333637E+01
  3.6999345797601990E+01
  3.6999339237257765E+01
  3.6999331005243626E+01
  3.6999321001792438E+01
  3.6999309207822094E+01
  3.6999294605927588E+01
  3.6999278303769657E+01
  3.6999259477430897E+01
  3.6999237020513469E+01
  3.6999209691577569E+01
  3.6999187379423198E+01
  3.6999168833057603E+01
  3.6999151686684023E+01
  3.6999135220969841E+01
  3.6999115774158511E+01
  3.6999097425453762E+01
  3.6999080891430253E+01
  3.6999066011448399E+01
  3.6999052449126282E+01
  3.6999039937257855E+01
  3.6999027581031562E+01
  3.6999014913355239E+01
  3.6999001901237961E+01
  3.6998988668154432E+01
  3.6998975330621583E+01
  3.6998962017453387E+01
  3.6998946645522260E+01
  3.6998931447884814E+01
  3.6998915912727433E+01
  3.6998899025697597E+01
  3.6998881764026827E+01
  3.6998865120319707E+01
  3.6998848758950963E+01
  3.6998832210960423E+01
  3.6998815024575251E+01
  3.6998796863208987E+01
  3.6998777912549350E+01
  3.6998756168439797E+01
  3.6998731486944109E+01
  3.6998705364130416E+01
  3.6998681054059588E+01
  3.6998658401871708E+01
  3.6998636932833406E+01
  3.6998616332473247E+01
  3.6998596405908067E+01
  3.6998577077238764E+01
  3.6998557975516356E+01
  3.6998538233813001E+01
  3.6998518859609725E+01
  3.6998499801123828E+01
  3.6998480524433745E+01
  3.6998461203694333E+01
  3.6998441747557017E+01
  3.6998422094085441E+01
  3.6998402617641482E+01
  3.6998382539022423E+01
  3.6998361754051899E+01
  3.6998340497219822E+01
  3.6998319021469555E+01
  3.6998297389137576E+01
  3.6998276372080397E+01
  3.6998256039334350E+01
  3.6998236276915343E+01
  3.6998216996434742E+01
  3.6998198129603693E+01
  3.6998179623797988E+01
  3.6998161461964976E+01
  3.6998143620041738E+01
  3.6998126062051846E+01
  3.6998108770089722E+01
  3.6998110500805666E+01
  3.6998119349366092E+01
  3.6998135640213398E+01
  3.6998164953393911E+01
  3.6998208526929879E+01
  3.6998266015035838E+01
  3.6998337305645428E+01
  3.6998421339546582E+01
  3.6998515569688855E+01
  3.6998616454002864E+01
  3.6998712601759493E+01
  3.6998799522886593E+01
  3.6998877872423982E+01
  3.6998948098459657E+01
  3.6999010915476426E+01
  3.6999067059312125E+01
  3.6999117269203801E+01
  3.6999162217700515E+01
  3.6999202516958078E+01
  3.6999238708627203E+01
  3.6999268145713899E+01
  3.6999292199699262E+01
  3.6999311443360135E+01
  3.6999326521682747E+01
  3.6999337847544943E+01
  3.6999345796410914E+01
  3.6999350641519271E+01
  3.6999352598850983E+01
  3.6999351822772901E+01
  3.6999348415935948E+01
  3.6999343563651806E+01
  3.6999337019435032E+01
  3.6999328801496830E+01
  3.6999318804518161E+01
  3.6999307017728029E+01
  3.6999292404001515E+01
  3.6999276087545468E+01
  3.6999257242612572E+01
  3.6999234753539930E+01
  3.6999207370294322E+01
  3.6999185077747875E+01
  3.6999166565619824E+01
  3.6999149443615025E+01
  3.6999132991940193E+01
  3.6999113500004590E+01
  3.6999095095436566E+01
  3.6999078533245246E+01
  3.6999063650097646E+01
  3.6999050097995536E+01
  3.6999037600029581E+01
  3.6999025279007562E+01
  3.6999012634983210E+01
  3.6998999641894464E+01
  3.6998986429249257E+01
  3.6998973117190062E+01
  3.6998959827961265E+01
  3.6998944442713828E+01
  3.6998929228611772E+01
  3.6998913672374805E+01
  3.6998896747974378E+01
  3.6998879504258007E+01
  3.6998862907978058E+01
  3.6998846607640054E+01
  3.6998830123705361E+01
  3.6998812997849299E+01
  3.6998794888266545E+01
  3.6998775982566450E+01
  3.6998754249751890E+01
  3.6998729530560112E+01
  3.6998703347923872E+01
  3.6998679006387221E+01
  3.6998656339309022E+01
  3.6998634865461284E+01
  3.6998614266826138E+01
  3.6998594345914604E+01
  3.6998575021211565E+01
  3.6998555921078001E+01
  3.6998536165767639E+01
  3.6998516775671959E+01
  3.6998497700919387E+01
  3.6998478427023834E+01
  3.6998459119830301E+01
  3.6998439682591751E+01
  3.6998420050187541E+01
  3.6998400598338939E+01
  3.6998380536207264E+01
  3.6998359757326448E+01
  3.6998338500381600E+01
  3.6998317016609235E+01
  3.6998295371925451E+01
  3.6998274349523811E+01
  3.6998254016313901E+01
  3.6998234256841954E+01
  3.6998214981704464E+01
  3.6998196121915342E+01
  3.6998177624374918E+01
  3.6998159470876061E+01
  3.6998141637008331E+01
  3.6998124087117432E+01
  3.6998106803875608E+01
  3.6998108453107982E+01
  3.6998117301558182E+01
  3.6998133677839846E+01
  3.6998163057467266E+01
  3.6998206652097274E+01
  3.6998264151482090E+01
  3.6998335466027250E+01
  3.6998419535310930E+01
  3.6998513804654571E+01
  3.6998614727289251E+01
  3.6998710920014567E+01
  3.6998797880466654E+01
  3.6998876273502027E+01
  3.6998946542188499E+01
  3.6999009403207381E+01
  3.6999065591493064E+01
  3.6999115846571833E+01
  3.6999160840685676E+01
  3.6999201185899864E+01
  3.6999237423667459E+01
  3.6999266893377055E+01
  3.6999290978385652E+01
  3.6999310248134883E+01
  3.6999325349538012E+01
  3.6999336695438203E+01
  3.6999344661725637E+01
  3.6999349521740783E+01
  3.6999351491581152E+01
  3.6999350725656072E+01
  3.6999347326629980E+01
  3.6999342481675789E+01
  3.6999335944305933E+01
  3.6999327732332191E+01
  3.6999317737385347E+01
  3.6999305953294730E+01
  3.6999291332560077E+01
  3.6999275008196236E+01
  3.6999256153268632E+01
  3.6999233647399436E+01
  3.6999206236199157E+01
  3.6999183953526753E+01
  3.6999165458680864E+01
  3.6999148348853822E+01
  3.6999131904262782E+01
  3.6999112388865889E+01
  3.6999093954558688E+01
  3.6999077376977269E+01
  3.6999062491554724E+01
  3.6999048944252038E+01
  3.6999036453186967E+01
  3.6999024149951815E+01
  3.6999011517624702E+01
  3.6998998533785077E+01
  3.6998985331319076E+01
  3.6998972031632896E+01
  3.6998958754079254E+01
  3.6998943361015215E+01
  3.6998928137870344E+01
  3.6998912570184856E+01
  3.6998895625779788E+01
  3.6998878390837547E+01
  3.6998861818766116E+01
  3.6998845549857805E+01
  3.6998829099064594E+01
  3.6998812004342980E+01
  3.6998793921357326E+01
  3.6998775039373456E+01
  3.6998753312775278E+01
  3.6998728573928553E+01
  3.6998702359911974E+01
  3.6998678001840879E+01
  3.6998655326926816E+01
  3.6998633850502024E+01
  3.6998613252682823E+01
  3.6998593334600010E+01
  3.6998574011639626E+01
  3.6998554911984002E+01
  3.6998535149122986E+01
  3.6998515750346115E+01
  3.6998496666744970E+01
  3.6998477394113152E+01
  3.6998458093881155E+01
  3.6998438666426587E+01
  3.6998419044957316E+01
  3.6998399605963364E+01
  3.6998379552437271E+01
  3.6998358776711264E+01
  3.6998337519694687E+01
  3.6998316031571406E+01
  3.6998294380190437E+01
  3.6998273354779585E+01
  3.6998253021124363E+01
  3.6998233262995441E+01
  3.6998213990454822E+01
  3.6998195134150031E+01
  3.6998176640732076E+01
  3.6998158491360044E+01
  3.6998140661437894E+01
  3.6998123115496341E+01
  3.6998105836541839E+01
  3.6998107442104214E+01
  3.6998116289512666E+01
  3.6998132709988191E+01
  3.6998162123381739E+01
  3.6998205727276783E+01
  3.6998263230573400E+01
  3.6998334555731134E+01
  3.6998418641610392E+01
  3.6998512929396142E+01
  3.6998613869817866E+01
  3.6998710083849410E+01
  3.6998797062737559E+01
  3.6998875476282755E+01
  3.6998945765182704E+01
  3.6999008647123020E+01
  3.6999064856649383E+01
  3.6999115133417526E+01
  3.6999160149529303E+01
  3.6999200517000581E+01
  3.6999236777184862E+01
  3.6999266262347021E+01
  3.6999290362151733E+01
  3.6999309644230642E+01
  3.6999324756510887E+01
  3.6999336111823951E+01
  3.6999344086267058E+01
  3.6999348953227823E+01
  3.6999350928854241E+01
  3.6999350167570086E+01
  3.6999346772039537E+01
  3.6999341930380893E+01
  3.6999335396119648E+01
  3.6999327186845896E+01
  3.6999317192496008E+01
  3.6999305409465777E+01
  3.6999290784641047E+01
  3.6999274455846873E+01
  3.6999255595412940E+01
  3.6999233080479506E+01
  3.6999205654364069E+01
  3.6999183376855960E+01
  3.6999164891076646E+01
  3.6999147787589138E+01
  3.6999131346707870E+01
  3.6999111818754820E+01
  3.6999093368209415E+01
  3.6999076782078987E+01
  3.6999061895182400E+01
  3.6999048350222175E+01
  3.6999035862542165E+01
  3.6999023568687484E+01
  3.6999010942422579E+01
  3.6998997963385733E+01
  3.6998984766071828E+01
  3.6998971472910313E+01
  3.6998958201394224E+01
  3.6998942803847704E+01
  3.6998927575714440E+01
  3.6998912001736521E+01
  3.6998895046413956E+01
  3.6998877815998306E+01
  3.6998861256776536E+01
  3.6998845004648118E+01
  3.6998828571603077E+01
  3.6998811493589315E+01
  3.6998793424880830E+01
  3.6998774555696578E+01
  3.6998752832513681E+01
  3.6998728083066283E+01
  3.6998701852084743E+01
  3.6998677485055730E+01
  3.6998654805887597E+01
  3.6998633328044839E+01
  3.6998612730630533E+01
  3.6998592814024647E+01
  3.6998573491885644E+01
  3.6998554392364241E+01
  3.6998534625280676E+01
  3.6998515221695371E+01
  3.6998496133204583E+01
  3.6998476861185864E+01
  3.6998457564665294E+01
  3.6998438142450837E+01
  3.6998418526847935E+01
  3.6998399094781362E+01
  3.6998379045888143E+01
  3.6998358271851032E+01
  3.6998337014789826E+01
  3.6998315524264548E+01
  3.6998293869187236E+01
  3.6998272842078713E+01
  3.6998252508113097E+01
  3.6998232750639801E+01
  3.6998213479431080E+01
  3.6998194624936275E+01
  3.6998176133671791E+01
  3.6998157986444511E+01
  3.6998140158557050E+01
  3.6998122614645695E+01
  3.6998105337908598E+01
  3.6998106919569018E+01
  3.6998115766055179E+01
  3.6998132210165736E+01
  3.6998161641419067E+01
  3.6998205249714864E+01
  3.6998262754455112E+01
  3.6998334084713484E+01
  3.6998418178927388E+01
  3.6998512475992442E+01
  3.6998613425267564E+01
  3.6998709650055339E+01
  3.6998796638124958E+01
  3.6998875061987263E+01
  3.6998945361047525E+01
  3.6999008253530107E+01
  3.6999064473784024E+01
  3.6999114761535175E+01
  3.6999159788817202E+01
  3.6999200167620657E+01
  3.6999236439247767E+01
  3.6999265932123443E+01
  3.6999290039351187E+01
  3.6999309327566202E+01
  3.6999324445243950E+01
  3.6999335805213924E+01
  3.6999343783678739E+01
  3.6999348654049470E+01
  3.6999350632497475E+01
  3.6999349873451408E+01
  3.6999346479572516E+01
  3.6999341639477798E+01
  3.6999335106704798E+01
  3.6999326898719289E+01
  3.6999316904508099E+01
  3.6999305121908975E+01
  3.6999290494713946E+01
  3.6999274163417667E+01
  3.6999255299905656E+01
  3.6999232779980524E+01
  3.6999205345720277E+01
  3.6999183070986831E+01
  3.6999164590092128E+01
  3.6999147489999466E+01
  3.6999131051112059E+01
  3.6999111516290583E+01
  3.6999093056740300E+01
  3.6999076465813673E+01
  3.6999061578010910E+01
  3.6999048034250457E+01
  3.6999035548345631E+01
  3.6999023259562428E+01
  3.6999010636552519E+01
  3.6998997660069371E+01
  3.6998984465505622E+01
  3.6998971175853640E+01
  3.6998957907552715E+01
  3.6998942507439835E+01
  3.6998927276526238E+01
  3.6998911698898326E+01
  3.6998894737620034E+01
  3.6998877509683382E+01
  3.6998860957495914E+01
  3.6998844714561869E+01
  3.6998828291249808E+01
  3.6998811222403674E+01
  3.6998793161525221E+01
  3.6998774299383726E+01
  3.6998752578098028E+01
  3.6998727822816569E+01
  3.6998701582486270E+01
  3.6998677210511140E+01
  3.6998654528987593E+01
  3.6998633050350946E+01
  3.6998612453143245E+01
  3.6998592537328932E+01
  3.6998573215595670E+01
  3.6998554116100976E+01
  3.6998534346638223E+01
  3.6998514940360621E+01
  3.6998495849135729E+01
  3.6998476577427496E+01
  3.6998457282930879E+01
  3.6998437863583142E+01
  3.6998418251193478E+01
  3.6998398822933126E+01
  3.6998378776582989E+01
  3.6998358003468134E+01
  3.6998336746378357E+01
  3.6998315254509841E+01
  3.6998293597366498E+01
  3.6998272569295764E+01
  3.6998252235133052E+01
  3.6998232477994662E+01
  3.6998213207492817E+01
  3.6998194353967627E+01
  3.6998175863861469E+01
  3.6998157717783727E+01
  3.6998139890980831E+01
  3.6998122348149280E+01
  3.6998105072596964E+01
  3.6998106640514969E+01
  3.6998115486952955E+01
  3.6998131944119883E+01
  3.6998161385012146E+01
  3.6998204995441064E+01
  3.6998262500695347E+01
  3.6998333833523141E+01
  3.6998417932100885E+01
  3.6998512234033790E+01
  3.6998613187914394E+01
  3.6998709418353904E+01
  3.6998796411195407E+01
  3.6998874840456445E+01
  3.6998945144827687E+01
  3.6999008042827917E+01
  3.6999064268703719E+01
  3.6999114562220001E+01
  3.6999159595376241E+01
  3.6999199980149591E+01
  3.6999236257815539E+01
  3.6999265754687947E+01
  3.6999289865776539E+01
  3.6999309157161534E+01
  3.6999324277620389E+01
  3.6999335639983649E+01
  3.6999343620509329E+01
  3.6999348492620790E+01
  3.6999350472500609E+01
  3.6999349714579061E+01
  3.6999346321514700E+01
  3.6999341482194282E+01
  3.6999334950163849E+01
  3.6999326742818972E+01
  3.6999316748610553E+01
  3.6999304966191538E+01
  3.6999290337627450E+01
  3.6999274004910404E+01
  3.6999255139661948E+01
  3.6999232616951595E+01
  3.6999205178174563E+01
  3.6999182904961046E+01
  3.6999164426747207E+01
  3.6999147328508904E+01
  3.6999130890713040E+01
  3.6999111352078707E+01
  3.6999092887480785E+01
  3.6999076293843444E+01
  3.6999061405499660E+01
  3.6999047862373445E+01
  3.6999035377424029E+01
  3.6999023091432832E+01
  3.6999010470206350E+01
  3.6998997495098045E+01
  3.6998984302045372E+01
  3.6998971014323565E+01
  3.6998957747776380E+01
  3.6998942346196259E+01
  3.6998927113721521E+01
  3.6998911534131722E+01
  3.6998894569469215E+01
  3.6998877342851102E+01
  3.6998860794531147E+01
  3.6998844556682215E+01
  3.6998828139093234E+01
  3.6998811075264165E+01
  3.6998793018686605E+01
  3.6998774161103299E+01
  3.6998752440667637E+01
  3.6998727681988086E+01
  3.6998701436340980E+01
  3.6998677061535581E+01
  3.6998654378647750E+01
  3.6998632899531891E+01
  3.6998612302410812E+01
  3.6998592387013325E+01
  3.6998573065476144E+01
  3.6998553965968995E+01
  3.6998534195151279E+01
  3.6998514787349343E+01
  3.6998495694578715E+01
  3.6998476423029153E+01
  3.6998457129650326E+01
  3.6998437711891107E+01
  3.6998418101284287E+01
  3.6998398675141239E+01
  3.6998378630204265E+01
  3.6998357857598897E+01
  3.6998336600490028E+01
  3.6998315107862908E+01
  3.6998293449553898E+01
  3.6998272420934974E+01
  3.6998252086651576E+01
  3.6998232329689372E+01
  3.6998213059571064E+01
  3.6998194206575796E+01
  3.6998175717104694E+01
  3.6998157571655618E+01
  3.6998139745443517E+01
  3.6998122203199280E+01
  3.6998104928293685E+01
  3.6998106488767796E+01
  3.6998115334789063E+01
  3.6998131799116784E+01
  3.6998161245368998E+01
  3.6998204856947403E+01
  3.6998262362422629E+01
  3.6998333696613308E+01
  3.6998417797551092E+01
  3.6998512102115505E+01
  3.6998613058469132E+01
  3.6998709291963529E+01
  3.6998796287363092E+01
  3.6998874719530619E+01
  3.6998945026757774E+01
  3.6999007927726559E+01
  3.6999064156628840E+01
  3.6999114453251686E+01
  3.6999159489576897E+01
  3.6999199877574448E+01
  3.6999236158505639E+01
  3.6999265657508147E+01
  3.6999289770660276E+01
  3.6999309063730244E+01
  3.6999324185664122E+01
  3.6999335549293967E+01
  3.6999343530907666E+01
  3.6999348403935187E+01
  3.6999350384564785E+01
  3.6999349627227176E+01
  3.6999346234578987E+01
  3.6999341395655556E+01
  3.6999334864008325E+01
  3.6999326656993077E+01
  3.6999316662756414E+01
  3.6999304880414648E+01
  3.6999290251061140E+01
  3.6999273917534353E+01
  3.6999255051300416E+01
  3.6999232527022087E+01
  3.6999205085713292E+01
  3.6999182813344454E+01
  3.6999164336621909E+01
  3.6999147239411258E+01
  3.6999130802221245E+01
  3.6999111261448384E+01
  3.6999092793998813E+01
  3.6999076198822131E+01
  3.6999061310159604E+01
  3.6999047767376467E+01
  3.6999035282950977E+01
  3.6999022998516764E+01
  3.6999010378281305E+01
  3.6998997403928804E+01
  3.6998984211716838E+01
  3.6998970925070452E+01
  3.6998957659494565E+01
  3.6998942257074326E+01
  3.6998927023717144E+01
  3.6998911443018514E+01
  3.6998894476446765E+01
  3.6998877250559801E+01
  3.6998860704404180E+01
  3.6998844469406755E+01
  3.6998828054846484E+01
  3.6998810993877697E+01
  3.6998792939743602E+01
  3.6998774084367987E+01
  3.6998752364535299E+01
  3.6998727604027238E+01
  3.6998701355445213E+01
  3.6998676979084443E+01
  3.6998654295454479E+01
  3.6998632816087408E+01
  3.6998612219028097E+01
  3.6998592303873885E+01
  3.6998572982449204E+01
  3.6998553882935440E+01
  3.6998534111352896E+01
  3.6998514702691310E+01
  3.6998495609048319E+01
  3.6998476337587917E+01
  3.6998457044839078E+01
  3.6998437627974575E+01
  3.6998418018371872E+01
  3.6998398593422344E+01
  3.6998378549282293E+01
  3.6998357776964966E+01
  3.6998336519847086E+01
  3.6998315026791808E+01
  3.6998293367823543E+01
  3.6998272338893592E+01
  3.6998252004539957E+01
  3.6998232247674466E+01
  3.6998212977769313E+01
  3.6998194125069332E+01
  3.6998175635952485E+01
  3.6998157490853302E+01
  3.6998139664968988E+01
  3.6998122123050138E+01
  3.6998104848503658E+01
  3.6998106404770830E+01
  3.6998115250538007E+01
  3.6998131718882306E+01
  3.6998161168132278E+01
  3.6998204780324279E+01
  3.6998262285888046E+01
  3.6998333620814655E+01
  3.6998417723051830E+01
  3.6998512029066134E+01
  3.6998612986776074E+01
  3.6998709221953753E+01
  3.6998796218754350E+01
  3.6998874652517905E+01
  3.6998944961311594E+01
  3.6999007863908936E+01
  3.6999064094471976E+01
  3.6999114392800564E+01
  3.6999159430867046E+01
  3.6999199820637529E+01
  3.6999236103365675E+01
  3.6999265603527391E+01
  3.6999289717805013E+01
  3.6999309011789968E+01
  3.6999324134523391E+01
  3.6999335498838597E+01
  3.6999343481039887E+01
  3.6999348354560858E+01
  3.6999350335592709E+01
  3.6999349578566239E+01
  3.6999346186136826E+01
  3.6999341347422693E+01
  3.6999334815978564E+01
  3.6999326609137604E+01
  3.6999316614872733E+01
  3.6999304832564974E+01
  3.6999290202756406E+01
  3.6999273868766664E+01
  3.6999255001970894E+01
  3.6999232476804032E+01
  3.6999205034064829E+01
  3.6999182762170584E+01
  3.6999164286286018E+01
  3.6999147189651062E+01
  3.6999130752800859E+01
  3.6999111210819279E+01
  3.6999092741748846E+01
  3.6999076145694211E+01
  3.6999061256845202E+01
  3.6999047714250914E+01
  3.6999035230116789E+01
  3.6999022946559229E+01
  3.6999010326880253E+01
  3.6998997352949942E+01
  3.6998984161209670E+01
  3.6998970875168027E+01
  3.6998957610135918E+01
  3.6998942207233469E+01
  3.6998926973374594E+01
  3.6998911392045514E+01
  3.6998894424389690E+01
  3.6998877198912716E+01
  3.6998860653978667E+01
  3.6998844420593088E+01
  3.6998828007746042E+01
  3.6998810948395978E+01
  3.6998792895644520E+01
  3.6998774041519958E+01
  3.6998752322030292E+01
  3.6998727560485968E+01
  3.6998701310239959E+01
  3.6998676932996830E+01
  3.6998654248945591E+01
  3.6998632769435822E+01
  3.6998612172411057E+01
  3.6998592257393888E+01
  3.6998572936030271E+01
  3.6998553836510077E+01
  3.6998534064490784E+01
  3.6998514655339342E+01
  3.6998495561199256E+01
  3.6998476289787874E+01
  3.6998456997395181E+01
  3.6998437581036860E+01
  3.6998417972002514E+01
  3.6998398547729302E+01
  3.6998378504040751E+01
  3.6998357731886493E+01
  3.6998336474763619E+01
  3.6998314981464560E+01
  3.6998293322120659E+01
  3.6998272293012910E+01
  3.6998251958618106E+01
  3.6998232201806054E+01
  3.6998212932020252E+01
  3.6998194079486083E+01
  3.6998175590568401E+01
  3.6998157445665598E+01
  3.6998139619964803E+01
  3.6998122078227944E+01
  3.6998104803882740E+01
  3.6998106357756960E+01
  3.6998115203371604E+01
  3.6998131673987004E+01
  3.6998161124927869E+01
  3.6998204737453428E+01
  3.6998262243052437E+01
  3.6998333578383161E+01
  3.6998417681344620E+01
  3.6998511988167259E+01
  3.6998612946630288E+01
  3.6998709182746168E+01
  3.6998796180323978E+01
  3.6998874614974682E+01
  3.6998944924638359E+01
  3.6999007828140385E+01
  3.6999064059626249E+01
  3.6999114358903199E+01
  3.6999159397938477E+01
  3.6999199788695982E+01
  3.6999236072425212E+01
  3.6999265573227078E+01
  3.6999289688127362E+01
  3.6999308982616753E+01
  3.6999324105790365E+01
  3.6999335470482379E+01
  3.6999343453006190E+01
  3.6999348326797460E+01
  3.6999350308048939E+01
  3.6999349551191393E+01
  3.6999346158879426E+01
  3.6999341320277935E+01
  3.6999334788943600E+01
  3.6999326582196666E+01
  3.6999316587910492E+01
  3.6999304805617989E+01
  3.6999290175546825E+01
  3.6999273841291568E+01
  3.6999254974174235E+01
  3.6999232448501182E+01
  3.6999205004948756E+01
  3.6999182733323430E+01
  3.6999164257913428E+01
  3.6999147161603666E+01
  3.6999130724945594E+01
  3.6999111182276621E+01
  3.6999092712280223E+01
  3.6999076115722865E+01
  3.6999061226765114E+01
  3.6999047684276128E+01
  3.6999035200305713E+01
  3.6999022917264512E+01
  3.6999010297905066E+01
  3.6998997324216838E+01
  3.6998984132744482E+01
  3.6998970847045186E+01
  3.6998957582319157E+01
  3.6998942179138247E+01
  3.6998926944991901E+01
  3.6998911363301914E+01
  3.6998894395026817E+01
  3.6998877169780826E+01
  3.6998860625539777E+01
  3.6998844393069923E+01
  3.6998827981196804E+01
  3.6998810922767262E+01
  3.6998792870801871E+01
  3.6998774017389373E+01
  3.6998752298094992E+01
  3.6998727535959240E+01
  3.6998701284763754E+01
  3.6998676907016687E+01
  3.6998654222724518E+01
  3.6998632743132852E+01
  3.6998612146127215E+01
  3.6998592231187445E+01
  3.6998572909857067E+01
  3.6998553810331707E+01
  3.6998534038061720E+01
  3.6998514628629671E+01
  3.6998495534204814E+01
  3.6998476262820468E+01
  3.6998456970630151E+01
  3.6998437554559729E+01
  3.6998417945848779E+01
  3.6998398521960809E+01
  3.6998378478529361E+01
  3.6998357706467807E+01
  3.6998336449342020E+01
  3.6998314955903375E+01
  3.6998293296344322E+01
  3.6998272267134418E+01
  3.6998251932715434E+01
  3.6998232175933111E+01
  3.6998212906214555E+01
  3.6998194053774071E+01
  3.6998175564969053E+01
  3.6998157420177186E+01
  3.6998139594579847E+01
  3.6998122052945490E+01
  3.6998104778713866E+01
  3.6998106331219589E+01
  3.6998115176743184E+01
  3.6998131648650457E+01
  3.6998161100550675E+01
  3.6998204713259199E+01
  3.6998262218871005E+01
  3.6998333554425678E+01
  3.6998417657794036E+01
  3.6998511965070939E+01
  3.6998612923955818E+01
  3.6998709160599056E+01
  3.6998796158612201E+01
  3.6998874593760583E+01
  3.6998944903912019E+01
  3.6999007807921487E+01
  3.6999064039925067E+01
  3.6999114339734476E+01
  3.6999159379313973E+01
  3.6999199770626277E+01
  3.6999236054918576E+01
  3.6999265556077958E+01
  3.6999289671326594E+01
  3.6999308966097381E+01
  3.6999324089516286E+01
  3.6999335454418031E+01
  3.6999343437121162E+01
  3.6999348311062469E+01
  3.6999350292435523E+01
  3.6999349535671065E+01
  3.6999346143423210E+01
  3.6999341304883330E+01
  3.6999334773609306E+01
  3.6999326566913922E+01
  3.6999316572613246E+01
  3.6999304790327685E+01
  3.6999290160104763E+01
  3.6999273825696775E+01
  3.6999254958394744E+01
  3.6999232432432024E+01
  3.6999204988414860E+01
  3.6999182716942968E+01
  3.6999164241803435E+01
  3.6999147145678606E+01
  3.6999130709129865E+01
  3.6999111166067948E+01
  3.6999092695540256E+01
  3.6999076098693969E+01
  3.6999061209672888E+01
  3.6999047667243218E+01
  3.6999035183365542E+01
  3.6999022900608345E+01
  3.6999010281428156E+01
  3.6998997307875129E+01
  3.6998984116554475E+01
  3.6998970831050414E+01
  3.6998957566498760E+01
  3.6998942163157579E+01
  3.6998926928846629E+01
  3.6998911346949768E+01
  3.6998894378319669E+01
  3.6998877153205626E+01
  3.6998860609361074E+01
  3.6998844377415480E+01
  3.6998827966100173E+01
  3.6998810908198010E+01
  3.6998792856682982E+01
  3.6998774003678861E+01
  3.6998752284497122E+01
  3.6998727522023003E+01
  3.6998701270283881E+01
  3.6998676892248341E+01
  3.6998654207818397E+01
  3.6998632728180127E+01
  3.6998612131185695E+01
  3.6998592216290390E+01
  3.6998572894978722E+01
  3.6998553795450064E+01
  3.6998534023035987E+01
  3.6998514613442836E+01
  3.6998495518854433E+01
  3.6998476247485414E+01
  3.6998456955411001E+01
  3.6998437539505453E+01
  3.6998417930979770E+01
  3.6998398507312608E+01
  3.6998378464028562E+01
  3.6998357692020257E+01
  3.6998336434893027E+01
  3.6998314941374375E+01
  3.6998293281691801E+01
  3.6998272252423227E+01
  3.6998251917990267E+01
  3.6998232161224834E+01
  3.6998212891544625E+01
  3.6998194039157589E+01
  3.6998175550416867E+01
  3.6998157405688225E+01
  3.6998139580149733E+01
  3.6998122038573641E+01
  3.6998104764406676E+01
  3.6998106316126560E+01
  3.6998115161596758E+01
  3.6998131634243663E+01
  3.6998161086691951E+01
  3.6998204699502537E+01
  3.6998262205118920E+01
  3.6998333540799422E+01
  3.6998417644398607E+01
  3.6998511951933111E+01
  3.6998612911056476E+01
  3.6998709147998625E+01
  3.6998796146257817E+01
  3.6998874581687772E+01
  3.6998944892114991E+01
  3.6999007796411462E+01
  3.6999064028707963E+01
  3.6999114328818756E+01
  3.6999159368706522E+01
  3.6999199760333177E+01
  3.6999236044944702E+01
  3.6999265546305679E+01
  3.6999289661751007E+01
  3.6999308956680309E+01
  3.6999324080237301E+01
  3.6999335445256996E+01
  3.6999343428060875E+01
  3.6999348302086361E+01
  3.6999350283527484E+01
  3.6999349526814953E+01
  3.6999346134602590E+01
  3.6999341296096887E+01
  3.6999334764856407E+01
  3.6999326558189679E+01
  3.6999316563879624E+01
  3.6999304781597274E+01
  3.6999290151286488E+01
  3.6999273816790385E+01
  3.6999254949381942E+01
  3.6999232423252813E+01
  3.6999204978968855E+01
  3.6999182707585007E+01
  3.6999164232600457E+01
  3.6999147136581392E+01
  3.6999130700095222E+01
  3.6999111156807686E+01
  3.6999092685973970E+01
  3.6999076088961061E+01
  3.6999061199903096E+01
  3.6999047657507106E+01
  3.6999035173682323E+01
  3.6999022891088032E+01
  3.6999010272010480E+01
  3.6998997298534661E+01
  3.6998984107300807E+01
  3.6998970821908593E+01
  3.6998957557456549E+01
  3.6998942154022565E+01
  3.6998926919616729E+01
  3.6998911337600610E+01
  3.6998894368766024E+01
  3.6998877143727491E+01
  3.6998860600110518E+01
  3.6998844368466067E+01
  3.6998827957471292E+01
  3.6998810899872247E+01
  3.6998792848616056E+01
  3.6998773995846840E+01
  3.6998752276730052E+01
  3.6998727514061272E+01
  3.6998701262009341E+01
  3.6998676883807789E+01
  3.6998654199298578E+01
  3.6998632719633527E+01
  3.6998612122645554E+01
  3.6998592207775800E+01
  3.6998572886474641E+01
  3.6998553786943837E+01
  3.6998534014446555E+01
  3.6998514604760487E+01
  3.6998495510077746E+01
  3.6998476238717402E+01
  3.6998456946709588E+01
  3.6998437530898812E+01
  3.6998417922479639E+01
  3.6998398498939515E+01
  3.6998378455740280E+01
  3.6998357683762627E+01
  3.6998336426634644E+01
  3.6998314933069906E+01
  3.6998293273316101E+01
  3.6998272244013663E+01
  3.6998251909572581E+01
  3.6998232152816769E+01
  3.6998212883158494E+01
  3.6998194030802061E+01
  3.6998175542098167E+01
  3.6998157397405699E+01
  3.6998139571900829E+01
  3.6998122030357997E+01