  3.7000000000000000E+01
  3.6999988476768422E+01
  3.6999974681720275E+01
  3.6999959661493428E+01
  3.6999944058323024E+01
  3.6999928303717304E+01
  3.6999913208933727E+01
  3.6999899636548690E+01
  3.6999888167090980E+01
  3.6999879052220280E+01
  3.6999872291901838E+01
  3.6999867690537528E+01
  3.6999863934184894E+01
  3.6999860583934513E+01
  3.6999857435539155E+01
  3.6999854407769192E+01
  3.6999851455885910E+01
  3.6999848559090310E+01
  3.6999845705398641E+01
  3.6999842888131184E+01
  3.6999840892911756E+01
  3.6999838681050392E+01
  3.6999835895563045E+01
  3.6999832585406530E+01
  3.6999828717293262E+01
  3.6999824305287611E+01
  3.6999819347519875E+01
  3.6999813845327573E+01
  3.6999807793839985E+01
  3.6999801185632535E+01
  3.6999793995676193E+01
  3.6999786366684710E+01
  3.6999778372672061E+01
  3.6999770006293090E+01
  3.6999761265677492E+01
  3.6999752165901008E+01
  3.6999742719984965E+01
  3.6999732867175986E+01
  3.6999722749153122E+01
  3.6999712467420792E+01
  3.6999701675474299E+01
  3.6999690187265386E+01
  3.6999678075330849E+01
  3.6999665613997507E+01
  3.6999652959420033E+01
  3.6999640371975204E+01
  3.6999627724261352E+01
  3.6999615148622063E+01
  3.6999602707004513E+01
  3.6999590460561791E+01
  3.6999578297764252E+01
  3.6999566444139276E+01
  3.6999554767702151E+01
  3.6999543242134379E+01
  3.6999531810892371E+01
  3.6999520412419635E+01
  3.6999508969581512E+01
  3.6999497487222555E+01
  3.6999485791478918E+01
  3.6999473977029012E+01
  3.6999461822429268E+01
  3.6999449993771208E+01
  3.6999438220980316E+01
  3.6999426423425838E+01
  3.6999414594450847E+01
  3.6999402751478492E+01
  3.6999390911387280E+01
  3.6999379046784554E+01
  3.6999367262283506E+01
  3.6999355510750647E+01
  3.6999343530935256E+01
  3.6999331236808835E+01
  3.6999318719057676E+01
  3.6999306047944778E+01
  3.6999293275130022E+01
  3.6999280433599097E+01
  3.6999267529492805E+01
  3.6999254606000342E+01
  3.6999241715386951E+01
  3.6999228775132629E+01
  3.6999215713299478E+01
  3.6999202789751600E+01
  3.6999189956743990E+01
  3.6999177184300024E+01
  3.6999164453848216E+01
  3.6999151706780886E+01
  3.6999138994277587E+01
  3.6999126313246343E+01
  3.6999113651494618E+01
  3.6999100977194068E+01
  3.6999088231976799E+01
  3.6999075403364472E+01
  3.6999062514507848E+01
  3.6999049585696405E+01
  3.6999036634337024E+01
  3.6999023675180091E+01
  3.6999010720642701E+01
  3.6998997775451549E+01
  3.6998984847800102E+01
  3.6998971949177033E+01
  3.6998959041206859E+01
  3.6998944706667153E+01
  3.6998934933543126E+01
  3.6998932910297995E+01
  3.6998941154290002E+01
  3.6998963082825071E+01
  3.6998999922050089E+01
  3.6999049744208762E+01
  3.6999109055486663E+01
  3.6999174186852905E+01
  3.6999242722424242E+01
  3.6999303980547957E+01
  3.6999358134384131E+01
  3.6999405559886220E+01
  3.6999446946865930E+01
  3.6999483078849089E+01
  3.6999514631809475E+01
  3.6999542228204653E+01
  3.6999566397877224E+01
  3.6999587600857915E+01
  3.6999607018084653E+01
  3.6999623273296443E+01
  3.6999636220041722E+01
  3.6999646426797092E+01
  3.6999654175053116E+01
  3.6999659766223076E+01
  3.6999663420026039E+01
  3.6999665324489015E+01
  3.6999665626059610E+01
  3.6999664442503231E+01
  3.6999661851784410E+01
  3.6999658246710467E+01
  3.6999653780792720E+01
  3.6999648487381670E+01
  3.6999642404876361E+01
  3.6999635568310730E+01
  3.6999628072644462E+01
  3.6999619798318506E+01
  3.6999610921200201E+01
  3.6999601610711309E+01
  3.6999591584278811E+01
  3.6999580478177393E+01
  3.6999568765113018E+01
  3.6999556872897671E+01
  3.6999544968843828E+01
  3.6999533472134139E+01
  3.6999521863344398E+01
  3.6999510217480299E+01
  3.6999498672988203E+01
  3.6999487371906554E+01
  3.6999476250372972E+01
  3.6999465319080578E+01
  3.6999454573203330E+01
  3.6999443937283843E+01
  3.6999433323611711E+01
  3.6999422657396529E+01
  3.6999411862971584E+01
  3.6999401102271861E+01
  3.6999390048680574E+01
  3.6999378780942109E+01
  3.6999367120897560E+01
  3.6999355548733099E+01
  3.6999343954914856E+01
  3.6999332348786275E+01
  3.6999320772606673E+01
  3.6999309266827048E+01
  3.6999297853005544E+01
  3.6999286485358368E+01
  3.6999275372852381E+01
  3.6999264448432875E+01
  3.6999253314896414E+01
  3.6999241668306865E+01
  3.6999229676570941E+01
  3.6999217454666862E+01
  3.6999205080546552E+01
  3.6999192603697331E+01
  3.6999180043835302E+01
  3.6999167464698481E+01
  3.6999154968224538E+01
  3.6999142419075028E+01
  3.6999129733505683E+01
  3.6999117110660755E+01
  3.6999104543782543E+01
  3.6999092027663337E+01
  3.6999079558075493E+01
  3.6999067075600323E+01
  3.6999054674307459E+01
  3.6999042353725130E+01
  3.6999030077691266E+01
  3.6999017802625644E+01
  3.6999005457574988E+01
  3.6998992987622110E+01
  3.6998980430613898E+01
  3.6998967816899956E+01
  3.6998955170728244E+01
  3.6998942511458566E+01
  3.6998929854574406E+01
  3.6998917207666693E+01
  3.6998904580254383E+01
  3.6998891983969074E+01
  3.6998879380532749E+01
  3.6998866382268169E+01
  3.6998858168467081E+01
  3.6998858066320075E+01
  3.6998869023383499E+01
  3.6998894283868879E+01
  3.6998934711154043E+01
  3.6998988238883342E+01
  3.6999051356566532E+01
  3.6999120352610070E+01
  3.6999191894321946E+01
  3.6999256422717949E+01
  3.6999313676949136E+01
  3.6999363913123155E+01
  3.6999407891307101E+01
  3.6999446381436066E+01
  3.6999480100882188E+01
  3.6999509686997506E+01
  3.6999535694009005E+01
  3.6999558597618034E+01
  3.6999578804956663E+01
  3.6999596377539540E+01
  3.6999610569362275E+01
  3.6999621872360365E+01
  3.6999630604562938E+01
  3.6999637058432818E+01
  3.6999641468266631E+01
  3.6999644029624491E+01
  3.6999644898385078E+01
  3.6999644199842322E+01
  3.6999642034037443E+01
  3.6999638794930661E+01
  3.6999634645270845E+01
  3.6999629628405813E+01
  3.6999623788171242E+01
  3.6999617153552222E+01
  3.6999609845509404E+01
  3.6999601717052357E+01
  3.6999592950157137E+01
  3.6999583734661933E+01
  3.6999574318223715E+01
  3.6999563210051377E+01
  3.6999551477692357E+01
  3.6999539602934952E+01
  3.6999527755341063E+01
  3.6999516413678599E+01
  3.6999504929829776E+01
  3.6999493344732571E+01
  3.6999481826030220E+01
  3.6999470548532088E+01
  3.6999459657857521E+01
  3.6999448765399080E+01
  3.6999438079801799E+01
  3.6999427509732847E+01
  3.6999416956287718E+01
  3.6999406340069577E+01
  3.6999395589671771E+01
  3.6999384920794895E+01
  3.6999373949675963E+01
  3.6999362751279122E+01
  3.6999351444094607E+01
  3.6999339871792621E+01
  3.6999328238659928E+01
  3.6999316590505721E+01
  3.6999304989696860E+01
  3.6999293486656867E+01
  3.6999282105867302E+01
  3.6999270794726655E+01
  3.6999259800076899E+01
  3.6999249055603080E+01
  3.6999238299095445E+01
  3.6999226785417278E+01
  3.6999214883237642E+01
  3.6999202725009319E+01
  3.6999190398714525E+01
  3.6999177960272469E+01
  3.6999165436365267E+01
  3.6999152895687160E+01
  3.6999140458338850E+01
  3.6999127968298801E+01
  3.6999115443975079E+01
  3.6999102851720060E+01
  3.6999090300148289E+01
  3.6999077794311873E+01
  3.6999065335916541E+01
  3.6999052864933716E+01
  3.6999040492142164E+01
  3.6999028218148815E+01
  3.6999015998028845E+01
  3.6999003786058815E+01
  3.6998991575991504E+01
  3.6998979159781200E+01
  3.6998966646200685E+01
  3.6998954069412783E+01
  3.6998941456260539E+01
  3.6998928827854563E+01
  3.6998916200845528E+01
  3.6998903584278416E+01
  3.6998890988177820E+01
  3.6998878423975164E+01
  3.6998865899342348E+01
  3.6998853157465838E+01
  3.6998845108502138E+01
  3.6998845152598413E+01
  3.6998856425216410E+01
  3.6998882116659011E+01
  3.6998922970284760E+01
  3.6998976897801342E+01
  3.6999040415956692E+01
  3.6999109826495051E+01
  3.6999181791288862E+01
  3.6999246698898624E+01
  3.6999304317478341E+01
  3.6999354890992208E+01
  3.6999399193544164E+01
  3.6999437993388320E+01
  3.6999472012312843E+01
  3.6999501888283163E+01
  3.6999528177120247E+01
  3.6999551355031208E+01
  3.6999571829727969E+01
  3.6999589656585584E+01
  3.6999604067271520E+01
  3.6999615566763211E+01
  3.6999624471851718E+01
  3.6999631078272095E+01
  3.6999635621596866E+01
  3.6999638299101342E+01
  3.6999639267868581E+01
  3.6999638654282116E+01
  3.6999636559277988E+01
  3.6999633381275714E+01
  3.6999629285098962E+01
  3.6999624315079593E+01
  3.6999618517159718E+01
  3.6999611916012299E+01
  3.6999604643535299E+01
  3.6999596540398649E+01
  3.6999587791560621E+01
  3.6999578594540175E+01
  3.6999569203796291E+01
  3.6999558063912986E+01
  3.6999546297276794E+01
  3.6999534404902377E+01
  3.6999522555061588E+01
  3.6999511250888311E+01
  3.6999499794546168E+01
  3.6999488208967655E+01
  3.6999476673580837E+01
  3.6999465377311104E+01
  3.6999454473969806E+01
  3.6999443563999726E+01
  3.6999432876625796E+01
  3.6999422310791850E+01
  3.6999411761961724E+01
  3.6999401148448158E+01
  3.6999390400773230E+01
  3.6999379757626933E+01
  3.6999368808651042E+01
  3.6999357628970714E+01
  3.6999346344861934E+01
  3.6999334756172338E+01
  3.6999323092384962E+01
  3.6999311413330233E+01
  3.6999299789187880E+01
  3.6999288274291303E+01
  3.6999276894358282E+01
  3.6999265593553389E+01
  3.6999254634592454E+01
  3.6999243953517635E+01
  3.6999233265390224E+01
  3.6999221791604811E+01
  3.6999209913221584E+01
  3.6999197769525644E+01
  3.6999185452341457E+01
  3.6999173020103512E+01
  3.6999160502837157E+01
  3.6999147970398937E+01
  3.6999135550549198E+01
  3.6999123078006335E+01
  3.6999110569725374E+01
  3.6999097980402340E+01
  3.6999085425796089E+01
  3.6999072915273324E+01
  3.6999060452960393E+01
  3.6999047978259597E+01
  3.6999035609217160E+01
  3.6999023346846968E+01
  3.6999011142442399E+01
  3.6998998949984113E+01
  3.6998986760537960E+01
  3.6998974358871948E+01
  3.6998961855961639E+01
  3.6998949287471355E+01
  3.6998936681261341E+01
  3.6998924059124136E+01
  3.6998911438161045E+01
  3.6998898828110846E+01
  3.6998886239186049E+01
  3.6998873682636280E+01
  3.6998861165878068E+01
  3.6998848512588090E+01
  3.6998840500809813E+01
  3.6998840566320460E+01
  3.6998851930912174E+01
  3.6998877763178911E+01
  3.6998918754312925E+01
  3.6998972807205391E+01
  3.6999036451054799E+01
  3.6999105993212879E+01
  3.6999178092961735E+01
  3.6999243120359360E+01
  3.6999300854924321E+01
  3.6999351535091357E+01
  3.6999395941227718E+01
  3.6999434840549831E+01
  3.6999468956695189E+01
  3.6999498927796822E+01
  3.6999525310273242E+01
  3.6999548580464740E+01
  3.6999569146239779E+01
  3.6999587061066173E+01
  3.6999601546869009E+01
  3.6999613114160475E+01
  3.6999622078792520E+01
  3.6999628737721494E+01
  3.6999633326905702E+01
  3.6999636044207712E+01
  3.6999637047102468E+01
  3.6999636462330379E+01
  3.6999634391116714E+01
  3.6999631233478226E+01
  3.6999627155009840E+01
  3.6999622200474967E+01
  3.6999616416884983E+01
  3.6999609826519880E+01
  3.6999602566522078E+01
  3.6999594471689775E+01
  3.6999585728575802E+01
  3.6999576538087879E+01
  3.6999567157681682E+01
  3.6999556002435149E+01
  3.6999544219221946E+01
  3.6999532317732601E+01
  3.6999520465303455E+01
  3.6999509176450509E+01
  3.6999497731746956E+01
  3.6999486144385429E+01
  3.6999474599225380E+01
  3.6999463291944018E+01
  3.6999452380504025E+01
  3.6999441460229022E+01
  3.6999430770151797E+01
  3.6999420204570576E+01
  3.6999409656260404E+01
  3.6999399042488221E+01
  3.6999388295283637E+01
  3.6999377663021342E+01
  3.6999366722989116E+01
  3.6999355550938546E+01
  3.6999344276835878E+01
  3.6999332679796581E+01
  3.6999321000861421E+01
  3.6999309306304916E+01
  3.6999297669948554E+01
  3.6999286147981451E+01
  3.6999274766788432E+01
  3.6999263468918492E+01
  3.6999252524524898E+01
  3.6999241871370359E+01
  3.6999231213721643E+01
  3.6999219757116151E+01
  3.6999207888500116E+01
  3.6999195750368287E+01
  3.6999183436327911E+01
  3.6999171005994526E+01
  3.6999158491137813E+01
  3.6999145961876657E+01
  3.6999133549587889E+01
  3.6999121084496423E+01
  3.6999108582941155E+01
  3.6999095994036551E+01
  3.6999083436977891E+01
  3.6999070923211349E+01
  3.6999058458006495E+01
  3.6999045980429472E+01
  3.6999033612018650E+01
  3.6999021353976957E+01
  3.6999009155804245E+01
  3.6998996971551520E+01
  3.6998984790926819E+01
  3.6998972395228456E+01
  3.6998959896467298E+01
  3.6998947331012275E+01
  3.6998934727200009E+01
  3.6998922107141681E+01
  3.6998909488148620E+01
  3.6998896880320316E+01
  3.6998884293955534E+01
  3.6998871740191717E+01
  3.6998859226284750E+01
  3.6998846611811686E+01
  3.6998838611901142E+01
  3.6998838679615311E+01
  3.6998850078821263E+01
  3.6998875967802284E+01
  3.6998917012551935E+01
  3.6998971112111946E+01
  3.6999034802143790E+01
  3.6999104392947601E+01
  3.6999176542673467E+01
  3.6999241614031241E+01
  3.6999299391672807E+01
  3.6999350111176156E+01
  3.6999394555959647E+01
  3.6999433492615125E+01
  3.6999467645616775E+01
  3.6999497653142086E+01
  3.6999524071858374E+01
  3.6999547378145472E+01
  3.6999567979919640E+01
  3.6999585929974792E+01
  3.6999600445567793E+01
  3.6999612039840443E+01
  3.6999621028089535E+01
  3.6999627707801594E+01
  3.6999632315082444E+01
  3.6999635048032268E+01
  3.6999636064279024E+01
  3.6999635490701358E+01
  3.6999633428635050E+01
  3.6999630278749805E+01
  3.6999626206969950E+01
  3.6999621258268881E+01
  3.6999615480224044E+01
  3.6999608893794957E+01
  3.6999601638797245E+01
  3.6999593547057010E+01
  3.6999584805991745E+01
  3.6999575618138351E+01
  3.6999566242382876E+01
  3.6999555079304137E+01
  3.6999543287670768E+01
  3.6999531381351090E+01
  3.6999519527135313E+01
  3.6999508245090361E+01
  3.6999496805890288E+01
  3.6999485217223771E+01
  3.6999473666619430E+01
  3.6999462352953685E+01
  3.6999451436789734E+01
  3.6999440510742211E+01
  3.6999429818721609E+01
  3.6999419252725929E+01
  3.6999408704167770E+01
  3.6999398089398312E+01
  3.6999387342224296E+01
  3.6999376715169007E+01
  3.6999365779237472E+01
  3.6999354610687760E+01
  3.6999343341367307E+01
  3.6999331739966536E+01
  3.6999320053235571E+01
  3.6999308350629327E+01
  3.6999296707787693E+01
  3.6999285181788053E+01
  3.6999273799290634E+01
  3.6999262502416329E+01
  3.6999251564748583E+01
  3.6999240925111494E+01
  3.6999230282324731E+01
  3.6999218833934968E+01
  3.6999206969823270E+01
  3.6999194834121163E+01
  3.6999182521329715E+01
  3.6999170091659167E+01
  3.6999157577815396E+01
  3.6999145049953484E+01
  3.6999132641278116E+01
  3.6999120179706715E+01
  3.6999107681292436E+01
  3.6999095092308636E+01
  3.6999082533705767E+01
  3.6999070017994342E+01
  3.6999057551019391E+01
  3.6999045071654976E+01
  3.6999032703221587E+01
  3.6999020447016349E+01
  3.6999008251630201E+01
  3.6998996071219651E+01
  3.6998983894778355E+01
  3.6998971501825089E+01
  3.6998959004893308E+01
  3.6998946440707016E+01
  3.6998933837842401E+01
  3.6998921218570487E+01
  3.6998908600307729E+01
  3.6998895993346665E+01
  3.6998883408028689E+01
  3.6998870855425892E+01
  3.6998858342699286E+01
  3.6998845746895221E+01
  3.6998837751281044E+01
  3.6998837817693392E+01
  3.6998849231672111E+01
  3.6998875146335060E+01
  3.6998916214745549E+01
  3.6998970334103419E+01
  3.6999034043548427E+01
  3.6999103654967264E+01
  3.6999175825943581E+01
  3.6999240915859239E+01
  3.6999298711829304E+01
  3.6999349447997766E+01
  3.6999393909290461E+01
  3.6999432861921910E+01
  3.6999467030804347E+01
  3.6999497054119828E+01
  3.6999523488656756E+01
  3.6999546810811275E+01
  3.6999567428519882E+01
  3.6999585394315183E+01
  3.6999599923077952E+01
  3.6999611529292643E+01
  3.6999620527948004E+01
  3.6999627216786457E+01
  3.6999631831983194E+01
  3.6999634571747734E+01
  3.6999635593777263E+01
  3.6999635025011777E+01
  3.6999632966835470E+01
  3.6999629820211709E+01
  3.6999625751220002E+01
  3.6999620804942737E+01
  3.6999615029264817E+01
  3.6999608444413674E+01
  3.6999601191622247E+01
  3.6999593101145926E+01
  3.6999584360884697E+01
  3.6999575174200544E+01
  3.6999565800694818E+01
  3.6999554633474233E+01
  3.6999542837399616E+01
  3.6999530928457943E+01
  3.6999519073133143E+01
  3.6999507794466133E+01
  3.6999496357979858E+01
  3.6999484768456945E+01
  3.6999473214788345E+01
  3.6999461897844569E+01
  3.6999450979017816E+01
  3.6999440049539409E+01
  3.6999429356203905E+01
  3.6999418789747686E+01
  3.6999408240592565E+01
  3.6999397625428969E+01
  3.6999386878138360E+01
  3.6999376253692354E+01
  3.6999365319751909E+01
  3.6999354152915551E+01
  3.6999342886011043E+01
  3.6999331282261132E+01
  3.6999319591376818E+01
  3.6999307884458439E+01
  3.6999296238097230E+01
  3.6999284709867553E+01
  3.6999273326637521E+01
  3.6999262030059974E+01
  3.6999251095686454E+01
  3.6999240462952940E+01
  3.6999229827803504E+01
  3.6999218383593714E+01
  3.6999206521708402E+01
  3.6999194387154525E+01
  3.6999182074904468E+01
  3.6999169645480940E+01
  3.6999157132101494E+01
  3.6999144604906938E+01
  3.6999132198066626E+01
  3.6999119738268426E+01
  3.6999107241424198E+01
  3.6999094652301181E+01
  3.6999082092781990E+01
  3.6999069575943459E+01
  3.6999057107932877E+01
  3.6999044627515516E+01
  3.6999032258957570E+01
  3.6999020003605274E+01
  3.6999007809568873E+01
  3.6998995631084078E+01
  3.6998983456758744E+01
  3.6998971065163026E+01
  3.6998958569106549E+01
  3.6998946005500677E+01
  3.6998933403047715E+01
  3.6998920784102609E+01
  3.6998908166136843E+01
  3.6998895559548338E+01
  3.6998882974700599E+01
  3.6998870422628293E+01
  3.6998857910437621E+01
  3.6998845324161927E+01
  3.6998837330264443E+01
  3.6998837395179798E+01
  3.6998848816037416E+01
  3.6998874743257730E+01
  3.6998915823008907E+01
  3.6998969951561101E+01
  3.6999033669972469E+01
  3.6999103290998256E+01
  3.6999175471916324E+01
  3.6999240570469787E+01
  3.6999298375054771E+01
  3.6999349118986501E+01
  3.6999393588012261E+01
  3.6999432548149052E+01
  3.6999466724512928E+01
  3.6999496755295397E+01
  3.6999523197343372E+01
  3.6999546527063259E+01
  3.6999567152401482E+01
  3.6999585125782126E+01
  3.6999599660827734E+01
  3.6999611272738193E+01
  3.6999620276333253E+01
  3.6999626969487075E+01
  3.6999631588411503E+01
  3.6999634331370650E+01
  3.6999635356096171E+01
  3.6999634789557845E+01
  3.6999632733163132E+01
  3.6999629588016653E+01
  3.6999625520276005E+01
  3.6999620575082275E+01
  3.6999614800490086E+01
  3.6999608216318244E+01
  3.6999600964570291E+01
  3.6999592874648016E+01
  3.6999584134725673E+01
  3.6999574948597669E+01
  3.6999565576234303E+01
  3.6999554406767516E+01
  3.6999542608287058E+01
  3.6999530697897036E+01
  3.6999518841909271E+01
  3.6999507564965320E+01
  3.6999496129889472E+01
  3.6999484539854834E+01
  3.6999472984450506E+01
  3.6999461665539179E+01
  3.6999450745103694E+01
  3.6999439813750044E+01
  3.6999429119680208E+01
  3.6999418552890170E+01
  3.6999408003508499E+01
  3.6999397388029671E+01
  3.6999386640608947E+01
  3.6999376017515765E+01
  3.6999365084583559E+01
  3.6999353918622873E+01
  3.6999342652985085E+01
  3.6999331047942839E+01
  3.6999319354792519E+01
  3.6999307645512758E+01
  3.6999295997208243E+01
  3.6999284467724216E+01
  3.6999273084045839E+01
  3.6999261787565175E+01
  3.6999250854900289E+01
  3.6999240225838172E+01
  3.6999229594762070E+01
  3.6999218152770723E+01
  3.6999206292044001E+01
  3.6999194158067048E+01
  3.6999181846069916E+01
  3.6999169416744756E+01
  3.6999156903592741E+01
  3.6999144376735096E+01
  3.6999131970864568E+01
  3.6999119511998252E+01
  3.6999107015975120E+01
  3.6999094426742765E+01
  3.6999081866691434E+01
  3.6999069349206927E+01
  3.6999056880599746E+01
  3.6999044399573670E+01
  3.6999032030909447E+01
  3.6999019775979654E+01
  3.6999007582633325E+01
  3.6998995405157288E+01
  3.6998983231947470E+01
  3.6998970841055737E+01
  3.6998958345442013E+01
  3.6998945782119463E+01
  3.6998933179858724E+01
  3.6998920561060068E+01
  3.6998907943224637E+01
  3.6998895336808658E+01
  3.6998882752187434E+01
  3.6998870200374320E+01
  3.6998857688444055E+01
  3.6998845107223119E+01
  3.6998837114071911E+01
  3.6998837177884951E+01
  3.6998848602152414E+01
  3.6998874535834375E+01
  3.6998915621335684E+01
  3.6998969754438903E+01
  3.6999033477274907E+01
  3.6999103103080877E+01
  3.6999175288964693E+01
  3.6999240391817850E+01
  3.6999298200717824E+01
  3.6999348948518367E+01
  3.6999393421411312E+01
  3.6999432385302924E+01
  3.6999466565415759E+01
  3.6999496599946823E+01
  3.6999523045773778E+01
  3.6999546379309258E+01
  3.6999567008505196E+01
  3.6999584985737883E+01
  3.6999599523946252E+01
  3.6999611138721377E+01
  3.6999620144789901E+01
  3.6999626840096496E+01
  3.6999631460873466E+01
  3.6999634205413606E+01
  3.6999635231466691E+01
  3.6999634666017855E+01
  3.6999632610486437E+01
  3.6999629466048376E+01
  3.6999625398902289E+01
  3.6999620454221571E+01
  3.6999614680155616E+01
  3.6999608096293592E+01
  3.6999600845065110E+01
  3.6999592755399803E+01
  3.6999584015628969E+01
  3.6999574829779419E+01
  3.6999565458016619E+01
  3.6999554287310623E+01
  3.6999542487503227E+01
  3.6999530576303776E+01
  3.6999518719926584E+01
  3.6999507443891730E+01
  3.6999496009570230E+01
  3.6999484419219115E+01
  3.6999472862838616E+01
  3.6999461542813201E+01
  3.6999450621455800E+01
  3.6999439689037636E+01
  3.6999428994528195E+01
  3.6999418427527182E+01
  3.6999407877995445E+01
  3.6999397262319860E+01
  3.6999386514810944E+01
  3.6999375892446551E+01
  3.6999364960047231E+01
  3.6999353795025463E+01
  3.6999342529987594E+01
  3.6999330924159153E+01
  3.6999319229700518E+01
  3.6999307519066285E+01
  3.6999295869641720E+01
  3.6999284339420967E+01
  3.6999272955453954E+01
  3.6999261658984771E+01
  3.6999250727219589E+01
  3.6999240100145506E+01
  3.6999229471282121E+01
  3.6999218030489523E+01
  3.6999206170378493E+01
  3.6999194036697524E+01
  3.6999181724820268E+01
  3.6999169295532411E+01
  3.6999156782493785E+01
  3.6999144255810215E+01
  3.6999131850463407E+01
  3.6999119392098741E+01
  3.6999106896516466E+01
  3.6999094307210271E+01
  3.6999081746851395E+01
  3.6999069228996937E+01
  3.6999056760047097E+01
  3.6999044278670873E+01
  3.6999031909933549E+01
  3.6999019655222064E+01
  3.6999007462240975E+01
  3.6998995285308276E+01
  3.6998983112702163E+01
  3.6998970722186698E+01
  3.6998958226805158E+01
  3.6998945663627090E+01
  3.6998933061460860E+01
  3.6998920442731681E+01
  3.6998907824956937E+01
  3.6998895218625414E+01
  3.6998882634118857E+01
  3.6998870082438444E+01
  3.6998857570640880E+01
  3.6998844993435043E+01
  3.6998836999981783E+01
  3.6998837062718003E+01
  3.6998848488615103E+01
  3.6998874425698773E+01
  3.6998915514217543E+01
  3.6998969649666435E+01
  3.6999033374776552E+01
  3.6999103003056149E+01
  3.6999175191518646E+01
  3.6999240296599567E+01
  3.6999298107747563E+01
  3.6999348857556143E+01
  3.6999393332461729E+01
  3.6999432298308086E+01
  3.6999466480374686E+01
  3.6999496516861726E+01
  3.6999522964663335E+01
  3.6999546300195874E+01
  3.6999566931414307E+01
  3.6999584910672908E+01
  3.6999599450532756E+01
  3.6999611066802210E+01
  3.6999620074156162E+01
  3.6999626770577905E+01
  3.6999631392311358E+01
  3.6999634137664842E+01
  3.6999635164397979E+01
  3.6999634599504070E+01
  3.6999632544408769E+01
  3.6999629400325261E+01
  3.6999625333474334E+01
  3.6999620389047379E+01
  3.6999614615247189E+01
  3.6999608031533093E+01
  3.6999600780572983E+01
  3.6999592691032284E+01
  3.6999583951332504E+01
  3.6999574765627635E+01
  3.6999565394188593E+01
  3.6999554222790593E+01
  3.6999542422242186E+01
  3.6999530510586659E+01
  3.6999518653982683E+01
  3.6999507378438985E+01
  3.6999495944529173E+01
  3.6999484353993168E+01
  3.6999472797057386E+01
  3.6999461476397435E+01
  3.6999450554511021E+01
  3.6999439621485784E+01
  3.6999428926717229E+01
  3.6999418359604171E+01
  3.6999407809972389E+01
  3.6999397194174485E+01
  3.6999386446607822E+01
  3.6999375824642286E+01
  3.6999364892530572E+01
  3.6999353727760678E+01
  3.6999342463099609E+01
  3.6999330856867886E+01
  3.6999319161707781E+01
  3.6999307450338662E+01
  3.6999295800433423E+01
  3.6999284269804512E+01
  3.6999272885673051E+01
  3.6999261589040614E+01
  3.6999250657816887E+01
  3.6999240031875480E+01
  3.6999229404258912E+01
  3.6999217964141984E+01
  3.6999206104376547E+01
  3.6999193970859380E+01
  3.6999181659046407E+01
  3.6999169229776442E+01
  3.6999156716799249E+01
  3.6999144190210494E+01
  3.6999131785153537E+01
  3.6999119327065721E+01
  3.6999106831726401E+01
  3.6999094242375072E+01
  3.6999081681840281E+01
  3.6999069163775168E+01
  3.6999056694629864E+01
  3.6999044213053679E+01
  3.6999031844271009E+01
  3.6999019589676699E+01
  3.6999007396894449E+01
  3.6998995220260795E+01
  3.6998983047988013E+01
  3.6998970657678576E+01
  3.6998958162422589E+01
  3.6998945599321239E+01
  3.6998932997203987E+01
  3.6998920378509929E+01
  3.6998907760765469E+01
  3.6998895154477701E+01
  3.6998882570031910E+01
  3.6998870018422330E+01
  3.6998857506695295E+01
  3.6998844931009764E+01
  3.6998836937729870E+01
  3.6998837000021332E+01
  3.6998848426861159E+01
  3.6998874365817336E+01
  3.6998915455969609E+01
  3.6998969592668992E+01
  3.6999033318990179E+01
  3.6999102948594810E+01
  3.6999175138442439E+01
  3.6999240244718074E+01
  3.6999298057075954E+01
  3.6999348807961894E+01
  3.6999393283948635E+01
  3.6999432250844720E+01
  3.6999466433960748E+01
  3.6999496471498830E+01
  3.6999522920362182E+01
  3.6999546256969374E+01
  3.6999566889277176E+01
  3.6999584869629253E+01
  3.6999599410375403E+01
  3.6999611027446051E+01
  3.6999620035487077E+01
  3.6999626732503252E+01
  3.6999631354745205E+01
  3.6999634100529804E+01
  3.6999635127622135E+01
  3.6999634563019974E+01
  3.6999632508152388E+01
  3.6999629364252556E+01
  3.6999625297553472E+01
  3.6999620353256667E+01
  3.6999614579595182E+01
  3.6999607995954570E+01
  3.6999600745137109E+01
  3.6999592655659164E+01
  3.6999583915994137E+01
  3.6999574730366596E+01
  3.6999565359105389E+01
  3.6999554187317578E+01
  3.6999542386351727E+01
  3.6999530474437762E+01
  3.6999518617702392E+01
  3.6999507342428721E+01
  3.6999495908747051E+01
  3.6999484318104244E+01
  3.6999472760851397E+01
  3.6999461439828934E+01
  3.6999450517638799E+01
  3.6999439584266447E+01
  3.6999428889346646E+01
  3.6999418322171266E+01
  3.6999407772477191E+01
  3.6999397156605703E+01
  3.6999386409003336E+01
  3.6999375787259396E+01
  3.6999364855305785E+01
  3.6999353690674944E+01
  3.6999342426224104E+01
  3.6999330819764324E+01
  3.6999319124208640E+01
  3.6999307412424379E+01
  3.6999295762173425E+01
  3.6999284231315933E+01
  3.6999272847094637E+01
  3.6999261550463942E+01
  3.6999250619518321E+01
  3.6999239994197801E+01
  3.6999229367272086E+01
  3.6999217927529223E+01
  3.6999206067954084E+01
  3.6999193934525621E+01
  3.6999181622746050E+01
  3.6999169193483958E+01
  3.6999156680539990E+01
  3.6999144154003226E+01
  3.6999131749108102E+01
  3.6999119291174551E+01
  3.6999106795970469E+01
  3.6999094206591693E+01
  3.6999081645955584E+01
  3.6999069127769587E+01
  3.6999056658511876E+01
  3.6999044176820611E+01
  3.6999031808009903E+01
  3.6999019553478988E+01
  3.6999007360805912E+01
  3.6998995184338149E+01
  3.6998983012250818E+01
  3.6998970622054955E+01
  3.6998958126867223E+01
  3.6998945563806714E+01
  3.6998932961714821E+01
  3.6998920343038421E+01
  3.6998907725308968E+01
  3.6998895119043908E+01
  3.6998882534630503E+01
  3.6998869983059002E+01
  3.6998857471369760E+01
  3.6998844896534692E+01
  3.6998836903341967E+01
  3.6998836965362862E+01
  3.6998848392715971E+01
  3.6998874332708979E+01
  3.6998915423761247E+01
  3.6998969561143426E+01
  3.6999033288125709E+01
  3.6999102918456806E+01
  3.6999175109065412E+01
  3.6999240215996643E+01
  3.6999298029020004E+01
  3.6999348780497080E+01
  3.6999393257077251E+01
  3.6999432224549189E+01
  3.6999466408240792E+01
  3.6999496446355337E+01
  3.6999522895801164E+01
  3.6999546232998128E+01
  3.6999566865904036E+01
  3.6999584846857339E+01
  3.6999599388088669E+01
  3.6999611005597536E+01
  3.6999620014013438E+01
  3.6999626711353251E+01
  3.6999631333871456E+01
  3.6999634079889709E+01
  3.6999635107176168E+01
  3.6999634542731094E+01
  3.6999632487985451E+01
  3.6999629344183340E+01
  3.6999625277564583E+01
  3.6999620333336431E+01
  3.6999614559749190E+01
  3.6999607976146287E+01
  3.6999600725406296E+01
  3.6999592635960923E+01
  3.6999583896313517E+01
  3.6999574710728176E+01
  3.6999565339566068E+01
  3.6999554167557157E+01
  3.6999542366354554E+01
  3.6999530454293485E+01
  3.6999518597482179E+01
  3.6999507322358909E+01
  3.6999495888805114E+01
  3.6999484298100469E+01
  3.6999472740666185E+01
  3.6999461419436145E+01
  3.6999450497071507E+01
  3.6999439563500218E+01
  3.6999428868492572E+01
  3.6999418301280905E+01
  3.6999407751549597E+01
  3.6999397135634752E+01
  3.6999386388011033E+01
  3.6999375766391623E+01
  3.6999364834526133E+01
  3.6999353669973075E+01
  3.6999342405640796E+01
  3.6999330799051329E+01
  3.6999319103271183E+01
  3.6999307391251058E+01
  3.6999295740803234E+01
  3.6999284209815094E+01
  3.6999272825541752E+01
  3.6999261528910623E+01
  3.6999250598121073E+01
  3.6999239973151305E+01
  3.6999229346616019E+01
  3.6999217907084429E+01
  3.6999206047616326E+01
  3.6999193914237075E+01
  3.6999181602475410E+01
  3.6999169173216870E+01
  3.6999156660291163E+01
  3.6999144133783261E+01
  3.6999131728979293E+01
  3.6999119271132535E+01
  3.6999106776004531E+01
  3.6999094186609419E+01
  3.6999081625915018E+01
  3.6999069107659658E+01
  3.6999056638337372E+01
  3.6999044156579984E+01
  3.6999031787752493E+01
  3.6999019533256586E+01
  3.6999007340644376E+01
  3.6998995164269729E+01
  3.6998982992286741E+01
  3.6998970602154351E+01
  3.6998958107004391E+01
  3.6998945543966187E+01
  3.6998932941887887E+01
  3.6998920323220787E+01
  3.6998907705499171E+01
  3.6998895099246383E+01
  3.6998882514850777E+01
  3.6998869963300308E+01
  3.6998857451631878E+01
  3.6998844877277428E+01
  3.6998836884130384E+01
  3.6998836945989659E+01
  3.6998848373626991E+01
  3.6998874314200812E+01
  3.6998915405754893E+01
  3.6998969543514704E+01
  3.6999033270862220E+01
  3.6999102901595982E+01
  3.6999175092627077E+01
  3.6999240199921914E+01
  3.6999298013315233E+01
  3.6999348765120317E+01
  3.6999393242029939E+01
  3.6999432209821464E+01
  3.6999466393832527E+01
  3.6999496432267094E+01
  3.6999522882036395E+01
  3.6999546219561026E+01
  3.6999566852799411E+01
  3.6999584834087322E+01
  3.6999599375587742E+01
  3.6999610993339523E+01
  3.6999620001962825E+01
  3.6999626699481396E+01
  3.6999631322151913E+01
  3.6999634068298761E+01
  3.6999635095691815E+01
  3.6999634531332738E+01
  3.6999632476653552E+01
  3.6999629332904419E+01
  3.6999625266328991E+01
  3.6999620322137794E+01
  3.6999614548591012E+01
  3.6999607965007918E+01
  3.6999600714310638E+01
  3.6999592624882553E+01
  3.6999583885244292E+01
  3.6999574699682320E+01
  3.6999565328576033E+01
  3.6999554156440993E+01
  3.6999542355103358E+01
  3.6999530442958218E+01
  3.6999518586103036E+01
  3.6999507311064363E+01
  3.6999495877582866E+01
  3.6999484286842389E+01
  3.6999472729303967E+01
  3.6999461407954733E+01
  3.6999450485489653E+01
  3.6999439551897879E+01
  3.6999428856811505E+01
  3.6999418289560559E+01
  3.6999407739795707E+01
  3.6999397123847857E+01
  3.6999386376206381E+01
  3.6999375754653933E+01
  3.6999364822835510E+01
  3.6999353658324523E+01
  3.6999342394058324E+01
  3.6999330787393660E+01
  3.6999319091484587E+01
  3.6999307379329032E+01
  3.6999295728767905E+01
  3.6999284197704206E+01
  3.6999272813400175E+01
  3.6999261516767703E+01
  3.6999250586065990E+01
  3.6999239961295260E+01
  3.6999229334981692E+01
  3.6999217895569913E+01
  3.6999206036162192E+01
  3.6999193902810269E+01
  3.6999181591058111E+01
  3.6999169161800985E+01
  3.6999156648885261E+01
  3.6999144122393382E+01
  3.6999131717640971E+01
  3.6999119259843255E+01
  3.6999106764758238E+01
  3.6999094175353370E+01
  3.6999081614625261E+01
  3.6999069096329897E+01
  3.6999056626970322E+01
  3.6999044145174757E+01
  3.6999031776337226E+01
  3.6999019521860781E+01
  3.6999007329282705E+01
  3.6998995152960624E+01
  3.6998982981036661E+01
  3.6998970590939940E+01
  3.6998958095811005E+01
  3.6998945532785044E+01
  3.6998932930714076E+01
  3.6998920312051901E+01
  3.6998907694334413E+01
  3.6998895088088311E+01
  3.6998882503702561E+01
  3.6998869952163801E+01
  3.6998857440506924E+01
  3.6998844866425841E+01
  3.6998836873302984E+01
  3.6998836935066059E+01
  3.6998848362862269E+01
  3.6998874303763976E+01
  3.6998915395600250E+01
  3.6998969533570936E+01
  3.6999033261122172E+01
  3.6999102892081169E+01
  3.6999175083348923E+01
  3.6999240190847253E+01
  3.6999298004448043E+01
  3.6999348756436824E+01
  3.6999393233531030E+01
  3.6999432201501577E+01
  3.6999466385691633E+01
  3.6999496424305569E+01
  3.6999522874256265E+01
  3.6999546211964713E+01
  3.6999566845389694E+01
  3.6999584826865615E+01
  3.6999599368516812E+01
  3.6999610986404662E+01
  3.6999619995143959E+01
  3.6999626692762376E+01
  3.6999631315517860E+01
  3.6999634061736323E+01
  3.6999635089188644E+01
  3.6999634524877258E+01
  3.6999632470234801E+01
  3.6999629326514814E+01
  3.6999625259963132E+01
  3.6999620315792150E+01
  3.6999614542267722E+01
  3.6999607958695243E+01
  3.6999600708021795E+01
  3.6999592618603039E+01
  3.6999583878969631E+01
  3.6999574693420755E+01
  3.6999565322346207E+01
  3.6999554150138856E+01
  3.6999542348723828E+01
  3.6999530436530463E+01
  3.6999518579649923E+01
  3.6999507304659197E+01
  3.6999495871218848E+01
  3.6999484280457587E+01
  3.6999472722859231E+01
  3.6999461401441351E+01
  3.6999450478918327E+01
  3.6999439545260898E+01
  3.6999428850144923E+01
  3.6999418282881521E+01
  3.6999407733103752E+01
  3.6999397117141065E+01
  3.6999386369492179E+01
  3.6999375747979940E+01
  3.6999364816189647E+01
  3.6999353651703622E+01
  3.6999342387476005E+01
  3.6999330780768787E+01
  3.6999319084786357E+01
  3.6999307372553595E+01
  3.6999295721927751E+01
  3.6999284190820887E+01
  3.6999272806499349E+01
  3.6999261509866081E+01
  3.6999250579214618E+01
  3.6999239954557900E+01
  3.6999229328371335E+01
  3.6999217889028252E+01
  3.6999206029655127E+01
  3.6999193896318772E+01
  3.6999181584571964E+01
  3.6999169155315570E+01
  3.6999156642405552E+01
  3.6999144115922817E+01
  3.6999131711199901E+01
  3.6999119253430230E+01
  3.6999106758369805E+01
  3.6999094168959260E+01
  3.6999081608211732E+01
  3.6999069089893347E+01
  3.6999056620512292E+01
  3.6999044138694742E+01
  3.6999031769851335E+01
  3.6999019515385889E+01
  3.6999007322827183E+01
  3.6998995146535037E+01
  3.6998982974644733E+01
  3.6998970584568262E+01
  3.6998958089451186E+01
  3.6998945526432074E+01
  3.6998932924365171E+01
  3.6998920305705717E+01
  3.6998907687990503E+01
  3.6998895081748159E+01
  3.6998882497368001E+01
  3.6998869945835892E+01
  3.6998857434185560E+01
  3.6998844860261059E+01
  3.6998836867151446E+01
  3.6998836928857799E+01
  3.6998848356743999E+01
  3.6998874297832522E+01
  3.6998915389829094E+01
  3.6998969527918959E+01
  3.6999033255585161E+01
  3.6999102886671480E+01
  3.6999175078073129E+01
  3.6999240185686475E+01
  3.6999297999404725E+01
  3.6999348751497351E+01
  3.6999393228695915E+01
  3.6999432196767650E+01
  3.6999466381058888E+01
  3.6999496419774232E+01
  3.6999522869827523E+01
  3.6999546207639980E+01
  3.6999566841170576E+01
  3.6999584822753000E+01
  3.6999599364489427E+01
  3.6999610982454179E+01
  3.6999619991258946E+01
  3.6999626688933667E+01
  3.6999631311737012E+01
  3.6999634057995777E+01
  3.6999635085481394E+01
  3.6999634521196754E+01
  3.6999632466574823E+01
  3.6999629322871073E+01
  3.6999625256332578E+01
  3.6999620312172794E+01
  3.6999614538660865E+01
  3.6999607955094163E+01
  3.6999600704434144E+01
  3.6999592615020497E+01
  3.6999583875389703E+01
  3.6999574689848231E+01
  3.6999565318791859E+01
  3.6999554146542877E+01
  3.6999542345083306E+01
  3.6999530432862187E+01
  3.6999518575966974E+01
  3.6999507301003611E+01
  3.6999495867586816E+01
  3.6999484276813490E+01
  3.6999472719180531E+01
  3.6999461397723017E+01
  3.6999450475166491E+01
  3.6999439541471133E+01
  3.6999428846337985E+01
  3.6999418279067328E+01
  3.6999407729281991E+01
  3.6999397113310636E+01
  3.6999386365657415E+01
  3.6999375744168226E+01
  3.6999364812393999E+01
  3.6999353647922256E+01
  3.6999342383716858E+01
  3.6999330776985104E+01
  3.6999319080960468E+01
  3.6999307368683269E+01
  3.6999295718020107E+01
  3.6999284186888303E+01
  3.6999272802556582E+01
  3.6999261505922718E+01
  3.6999250575300017E+01
  3.6999239950708784E+01
  3.6999229324595184E+01
  3.6999217885291564E+01
  3.6999206025938264E+01
  3.6999193892610755E+01
  3.6999181580866917E+01
  3.6999169151610850E+01
  3.6999156638704065E+01
  3.6999144112226539E+01
  3.6999131707520540E+01
  3.6999119249766935E+01
  3.6999106754720607E+01
  3.6999094165306730E+01
  3.6999081604547953E+01
  3.6999069086216245E+01
  3.6999056616822756E+01
  3.6999044134992474E+01
  3.6999031766145599E+01
  3.6999019511686384E+01
  3.6999007319138705E+01
  3.6998995142863670E+01
  3.6998982970992635E+01
  3.6998970580927697E+01
  3.6998958085817328E+01
  3.6998945522802060E+01
  3.6998932920737417E+01
  3.6998920302079455E+01
  3.6998907684365498E+01
  3.6998895078125265E+01
  3.6998882493748276E+01
  3.6998869942219955E+01