  3.7000000000000000E+01
  3.6958520735869385E+01
  3.6920038469824284E+01
  3.6882837905407030E+01
  3.6847160844142294E+01
  3.6812711944814275E+01
  3.6779755579685862E+01
  3.6747922877672579E+01
  3.6717341620681722E+01
  3.6687995508427171E+01
  3.6659781792106330E+01
  3.6632464503388903E+01
  3.6611640754691948E+01
  3.6592820347553570E+01
  3.6576263245909267E+01
  3.6558722449664018E+01
  3.6541946546700672E+01
  3.6523520137997131E+01
  3.6504959485823036E+01
  3.6486837541981060E+01
  3.6468723115934402E+01
  3.6449596831752984E+01
  3.6455324717048072E+01
  3.6456520522165469E+01
  3.6456361488382640E+01
  3.6449515196678249E+01
  3.6441751266583445E+01
  3.6429728942430046E+01
  3.6416638892235504E+01
  3.6403452485269483E+01
  3.6389664488568080E+01
  3.6373936573222480E+01
  3.6390188728867919E+01
  3.6397795294196719E+01
  3.6402602562282681E+01
  3.6399116655478792E+01
  3.6394274916149449E+01
  3.6384586034575477E+01
  3.6373615759320579E+01
  3.6362399245231870E+01
  3.6350434272233109E+01
  3.6336348945824973E+01
  3.6354930035398418E+01
  3.6364105764739669E+01
  3.6370213010331625E+01
  3.6367898370279832E+01
  3.6364153151194927E+01
  3.6355571226874609E+01
  3.6345690818126755E+01
  3.6335527381457830E+01
  3.6324598033102021E+01
  3.6311572126766912E+01
  3.6330196207053639E+01
  3.6339538591931586E+01
  3.6345842589972648E+01
  3.6343998748914366E+01
  3.6340754006973107E+01
  3.6332855763337506E+01
  3.6323701393006665E+01
  3.6314262554623468E+01
  3.6304080076596598E+01
  3.6291885304179189E+01
  3.6309870180052634E+01
  3.6318977988860951E+01
  3.6325189479057499E+01
  3.6323628282837312E+01
  3.6320726571642517E+01
  3.6313377222711722E+01
  3.6304821404685562E+01
  3.6295987204583462E+01
  3.6286435539044604E+01
  3.6274954278321523E+01
  3.6292344560564729E+01
  3.6301297591603394E+01
  3.6307512606958667E+01
  3.6306264094918284E+01
  3.6303723145574558E+01
  3.6296882186625993E+01
  3.6288865293467829E+01
  3.6280570492499372E+01
  3.6271571573714162E+01
  3.6260694566657428E+01
  3.6277826908833383E+01
  3.6286845689330534E+01
  3.6293240525750747E+01
  3.6292353940510161E+01
  3.6290196421420518E+01
  3.6283812527606443E+01
  3.6276261206282484E+01
  3.6268425247168018E+01
  3.6259884961940692E+01
  3.6249486446379358E+01
  3.6266657769699833E+01
  3.6275893228126705E+01
  3.6282564430624909E+01
  3.6282029868778011E+01
  3.6280225315093020E+01
  3.6274215334642463E+01
  3.6267032793261748E+01
  3.6259555352593310E+01
