  3.7000000000000000E+01
  3.6999988117590675E+01
  3.6999978152029286E+01
  3.6999970911267461E+01
  3.6999966292388883E+01
  3.6999963709981159E+01
  3.6999962570008854E+01
  3.6999962386099497E+01
  3.6999962787652727E+01
  3.6999963521274509E+01
  3.6999964433058445E+01
  3.6999965151331203E+01
  3.6999965183369341E+01
  3.6999964896503663E+01
  3.6999964441105199E+01
  3.6999963891764907E+01
  3.6999963285676841E+01
  3.6999962643595182E+01
  3.6999961976929825E+01
  3.6999961292214635E+01
  3.6999961168692487E+01
  3.6999960486223117E+01
  3.6999959434874086E+01
  3.6999958113255239E+01
  3.6999956540117623E+01
  3.6999954720428043E+01
  3.6999952641597474E+01
  3.6999950281374488E+01
  3.6999947606490963E+01
  3.6999944572388131E+01
  3.6999941098204268E+01
  3.6999937584750064E+01
  3.6999933930798861E+01
  3.6999930046310112E+01
  3.6999925851212680E+01
  3.6999921265159315E+01
  3.6999916196389194E+01
  3.6999910523849202E+01
  3.6999904130441145E+01
  3.6999896851120091E+01
  3.6999887917363253E+01
  3.6999879735289262E+01
  3.6999872370361992E+01
  3.6999865893036180E+01
  3.6999860325793627E+01
  3.6999855681830240E+01
  3.6999851891776423E+01
  3.6999848915758569E+01
  3.6999846690955948E+01
  3.6999845148363718E+01
  3.6999843994592197E+01
  3.6999842053731754E+01
  3.6999839417501427E+01
  3.6999836155529671E+01
  3.6999832302627460E+01
  3.6999827870413604E+01
  3.6999822849781658E+01
  3.6999817228071450E+01
  3.6999810948347196E+01
  3.6999803982064108E+01
  3.6999795953898264E+01
  3.6999788307824936E+01
  3.6999780987646275E+01
  3.6999773970634479E+01
  3.6999767246937324E+01
  3.6999760810789475E+01
  3.6999754656334026E+01
  3.6999748770697821E+01
  3.6999743162297037E+01
  3.6999737814732249E+01
  3.6999732491165396E+01
  3.6999727116157239E+01
  3.6999721703519022E+01
  3.6999716262039868E+01
  3.6999710796361903E+01
  3.6999705307415283E+01
  3.6999699791461353E+01
  3.6999694250587993E+01
  3.6999688687849172E+01
  3.6999683084524420E+01
  3.6999677313647013E+01
  3.6999671720618181E+01
  3.6999666290461171E+01
  3.6999661012017079E+01
  3.6999655876659283E+01
  3.6999650869922561E+01
  3.6999645995661595E+01
  3.6999641248838401E+01
  3.6999636623264685E+01
  3.6999632110008207E+01
  3.6999627627987039E+01
  3.6999623254164860E+01
  3.6999618989470527E+01
  3.6999614834185529E+01
  3.6999610787995174E+01
  3.6999606850074287E+01
  3.6999603019181350E+01
  3.6999599292843456E+01
  3.6999595669218309E+01
  3.6999592147024785E+01
  3.6999588669570393E+01
  3.6999603639173529E+01
  3.6999632768714697E+01
  3.6999669401258778E+01
  3.6999707678214222E+01
  3.6999744090274895E+01
  3.6999776853449980E+01
  3.6999805284859583E+01
  3.6999829506854567E+01
  3.6999850073674537E+01
  3.6999868348690683E+01
  3.6999881606066175E+01
  3.6999891807512043E+01
  3.6999899903331404E+01
  3.6999906483441158E+01
  3.6999911924110151E+01
  3.6999916468977723E+01
  3.6999920294649222E+01
  3.6999923528788059E+01
  3.6999926269511981E+01
  3.6999929168484478E+01
  3.6999931059689089E+01
  3.6999932182715334E+01
  3.6999932725368517E+01
  3.6999932744843086E+01
  3.6999932285100328E+01
  3.6999931362947919E+01
  3.6999929981374486E+01
  3.6999928127183225E+01
  3.6999925772017789E+01
  3.6999922847644370E+01
  3.6999919827691450E+01
  3.6999916614320817E+01
  3.6999913116490255E+01
  3.6999909255240937E+01
  3.6999904949538127E+01
  3.6999900117278173E+01
  3.6999894625800287E+01
  3.6999888362540780E+01
  3.6999881171363128E+01
  3.6999872292256974E+01
  3.6999864110116988E+01
  3.6999856760838512E+01
  3.6999850340034186E+01
  3.6999844869895142E+01
  3.6999840385055045E+01
  3.6999836750084924E+01
  3.6999833920099071E+01
  3.6999831848371471E+01
  3.6999830479337511E+01
  3.6999829524792439E+01
  3.6999827759620239E+01
  3.6999825294335359E+01
  3.6999822188611546E+01
  3.6999818472499442E+01
  3.6999814156531421E+01
  3.6999809232788515E+01
  3.6999803713495979E+01
  3.6999797516600765E+01
  3.6999790612632324E+01
  3.6999782634371627E+01
  3.6999775001747544E+01
  3.6999767686455598E+01
  3.6999760680635468E+01
  3.6999753981773871E+01
  3.6999747586831027E+01
  3.6999741489576046E+01
  3.6999735673155037E+01
  3.6999730161669092E+01
  3.6999724933725780E+01
  3.6999719729651019E+01
  3.6999714438940821E+01
  3.6999709090662186E+01
  3.6999703702264831E+01
  3.6999698283329337E+01
  3.6999692837727572E+01
  3.6999687363948858E+01
  3.6999681867244405E+01
  3.6999676358219560E+01
  3.6999670809015683E+01
  3.6999665090709911E+01
  3.6999659539275918E+01
  3.6999654146993336E+01
  3.6999648906871961E+01
  3.6999643812506335E+01
  3.6999638849090836E+01
  3.6999634027084930E+01
  3.6999629341239235E+01
  3.6999624780976234E+01
  3.6999620335231612E+01
  3.6999615920817973E+01
  3.6999611607955401E+01
  3.6999607400402560E+01
  3.6999603300321311E+01
  3.6999599308623893E+01
  3.6999595425264459E+01
  3.6999591649476258E+01
  3.6999587979191816E+01
  3.6999584412699598E+01
  3.6999580948652202E+01
  3.6999577530287354E+01
  3.6999592756057346E+01
  3.6999622193097188E+01
  3.6999659218960396E+01
  3.6999698025934485E+01
  3.6999735032729014E+01
  3.6999768390613319E+01
  3.6999797415311420E+01
  3.6999822233734811E+01
  3.6999843387315806E+01
  3.6999861508830271E+01
  3.6999875549161672E+01
  3.6999886302677474E+01
  3.6999894832594570E+01
  3.6999901781817385E+01
  3.6999907538935545E+01
  3.6999912363451820E+01
  3.6999916437864997E+01
  3.6999919896215864E+01
  3.6999922840237652E+01
  3.6999925349422085E+01
  3.6999927604101423E+01
  3.6999928968658686E+01
  3.6999929689695151E+01
  3.6999929854189624E+01
  3.6999929512629713E+01
  3.6999928688652908E+01
  3.6999927388281591E+01
  3.6999925600738173E+01
  3.6999923299172394E+01
  3.6999920439000618E+01
  3.6999917452375769E+01
  3.6999914269158701E+01
  3.6999910798581979E+01
  3.6999906961597482E+01
  3.6999902675559944E+01
  3.6999897861902681E+01
  3.6999892383234460E+01
  3.6999886128140197E+01
  3.6999878943531989E+01
  3.6999870630446821E+01
  3.6999862414181003E+01
  3.6999855028423447E+01
  3.6999848578170180E+01
  3.6999843085941585E+01
  3.6999838595093472E+01
  3.6999834949102912E+01
  3.6999832099606991E+01
  3.6999830006633402E+01
  3.6999828620602379E+01
  3.6999827880398684E+01
  3.6999826086411630E+01
  3.6999823602832237E+01
  3.6999820484288314E+01
  3.6999816757830821E+01
  3.6999812432553419E+01
  3.6999807500756560E+01
  3.6999801982225549E+01
  3.6999795785857820E+01
  3.6999788881438796E+01
  3.6999781227154017E+01
  3.6999773572625706E+01
  3.6999766230368188E+01
  3.6999759198632134E+01
  3.6999752478011537E+01
  3.6999746066745942E+01
  3.6999739958676635E+01
  3.6999734135480573E+01
  3.6999728626946222E+01
  3.6999723411129985E+01
  3.6999718436714062E+01
  3.6999713140158462E+01
  3.6999707780164272E+01
  3.6999702377425777E+01
  3.6999696943292605E+01
  3.6999691482680184E+01
  3.6999685995123308E+01
  3.6999680486525222E+01
  3.6999674970187350E+01
  3.6999669414637886E+01
  3.6999663818076954E+01
  3.6999658252981526E+01
  3.6999652845607756E+01
  3.6999647590692348E+01
  3.6999642482749152E+01
  3.6999637506788773E+01
  3.6999632675839344E+01
  3.6999627984575000E+01
  3.6999623420797271E+01
  3.6999618972988713E+01
  3.6999614636637205E+01
  3.6999610318024210E+01
  3.6999606103559600E+01
  3.6999601996110783E+01
  3.6999597997048433E+01
  3.6999594106616009E+01
  3.6999590324221096E+01
  3.6999586648002342E+01
  3.6999583076288459E+01
  3.6999579607657424E+01
  3.6999576240103501E+01
  3.6999591474255503E+01
  3.6999620889034681E+01
  3.6999657892552221E+01
  3.6999696711612934E+01
  3.6999733746728502E+01
  3.6999767131850369E+01
  3.6999796188457559E+01
  3.6999821048840843E+01
  3.6999842251133593E+01
  3.6999860423351173E+01
  3.6999874508694035E+01
  3.6999885304552471E+01
  3.6999893871658514E+01
  3.6999900855792184E+01
  3.6999906644972000E+01
  3.6999911499681481E+01
  3.6999915602551759E+01
  3.6999919088023773E+01
  3.6999922058002184E+01
  3.6999924592177642E+01
  3.6999926870266478E+01
  3.6999928254371589E+01
  3.6999928993824263E+01
  3.6999929174628043E+01
  3.6999928847497465E+01
  3.6999928035952273E+01
  3.6999926746070486E+01
  3.6999924967079394E+01
  3.6999922672149523E+01
  3.6999919816700263E+01
  3.6999916834324893E+01
  3.6999913655040459E+01
  3.6999910188010588E+01
  3.6999906354316160E+01
  3.6999902070563735E+01
  3.6999897259797841E+01
  3.6999891782571488E+01
  3.6999885528097472E+01
  3.6999878344461443E+01
  3.6999870033704006E+01
  3.6999861810684351E+01
  3.6999854418467557E+01
  3.6999847965315993E+01
  3.6999842473121703E+01
  3.6999837988568359E+01
  3.6999834346751157E+01
  3.6999831497050693E+01
  3.6999829402267622E+01
  3.6999828015299364E+01
  3.6999827275810844E+01
  3.6999825481902256E+01
  3.6999823000693929E+01
  3.6999819884851490E+01
  3.6999816160535268E+01
  3.6999811836559779E+01
  3.6999806905306087E+01
  3.6999801390892003E+01
  3.6999795197503957E+01
  3.6999788295176707E+01
  3.6999780643522143E+01
  3.6999772985231075E+01
  3.6999765637217216E+01
  3.6999758600063089E+01
  3.6999751875562083E+01
  3.6999745462449923E+01
  3.6999739354604024E+01
  3.6999733533032213E+01
  3.6999728029914472E+01
  3.6999722823408661E+01
  3.6999717858339110E+01
  3.6999712565967371E+01
  3.6999707207435797E+01
  3.6999701804743147E+01
  3.6999696369954066E+01
  3.6999690908426906E+01
  3.6999685420236062E+01
  3.6999679911439088E+01
  3.6999674396507693E+01
  3.6999668842392303E+01
  3.6999663247067787E+01
  3.6999657681164550E+01
  3.6999652272210760E+01
  3.6999647015676601E+01
  3.6999641906458287E+01
  3.6999636929447206E+01
  3.6999632098799339E+01
  3.6999627409156140E+01
  3.6999622847629595E+01
  3.6999618402615944E+01
  3.6999614069146162E+01
  3.6999609752367441E+01
  3.6999605539119031E+01
  3.6999601432553888E+01
  3.6999597434229656E+01
  3.6999593544509324E+01
  3.6999589762874166E+01
  3.6999586087569440E+01
  3.6999582516942482E+01
  3.6999579049530084E+01
  3.6999575683276504E+01
  3.6999590931336542E+01
  3.6999620350698670E+01
  3.6999657359643479E+01
  3.6999696197593885E+01
  3.6999733255528795E+01
  3.6999766659328024E+01
  3.6999795733380310E+01
  3.6999820612923600E+01
  3.6999841835200954E+01
  3.6999860026693419E+01
  3.6999874128223333E+01
  3.6999884938814567E+01
  3.6999893518400732E+01
  3.6999900514131610E+01
  3.6999906313780727E+01
  3.6999911178296294E+01
  3.6999915290376372E+01
  3.6999918784639540E+01
  3.6999921763065110E+01
  3.6999924305427115E+01
  3.6999926591275212E+01
  3.6999927981722095E+01
  3.6999928727266287E+01
  3.6999928913447526E+01
  3.6999928591076710E+01
  3.6999927783612186E+01
  3.6999926497143420E+01
  3.6999924720889631E+01
  3.6999922428021335E+01
  3.6999919573952390E+01
  3.6999916592808127E+01
  3.6999913414667333E+01
  3.6999909948676198E+01
  3.6999906115999259E+01
  3.6999901832847733E+01
  3.6999897023051588E+01
  3.6999891546193865E+01
  3.6999885291804269E+01
  3.6999878108494777E+01
  3.6999869798764585E+01
  3.6999861572676494E+01
  3.6999854177541742E+01
  3.6999847723016011E+01
  3.6999842230687406E+01
  3.6999837748803948E+01
  3.6999834108803213E+01
  3.6999831258786841E+01
  3.6999829162797091E+01
  3.6999827774945004E+01
  3.6999827035463937E+01
  3.6999825241246228E+01
  3.6999822760850691E+01
  3.6999819646015567E+01
  3.6999815922458147E+01
  3.6999811598881998E+01
  3.6999806667950686E+01
  3.6999801155302990E+01
  3.6999794963263184E+01
  3.6999788061781494E+01
  3.6999780411290580E+01
  3.6999772751190442E+01
  3.6999765400423456E+01
  3.6999758360638403E+01
  3.6999751634186602E+01
  3.6999745220041902E+01
  3.6999739112113005E+01
  3.6999733291079188E+01
  3.6999727790240868E+01
  3.6999722587902653E+01
  3.6999717627058196E+01
  3.6999712336490937E+01
  3.6999706978509053E+01
  3.6999701575721964E+01
  3.6999696140524343E+01
  3.6999690678481130E+01
  3.6999685189946995E+01
  3.6999679681004409E+01
  3.6999674166678474E+01
  3.6999668613156814E+01
  3.6999663018321478E+01
  3.6999657451919475E+01
  3.6999652042090787E+01
  3.6999646784659262E+01
  3.6999641674702076E+01
  3.6999636697043698E+01
  3.6999631866382650E+01
  3.6999627177344379E+01
  3.6999622616713992E+01
  3.6999618172880353E+01
  3.6999613840642787E+01
  3.6999609524600437E+01
  3.6999605311794795E+01
  3.6999601205513173E+01
  3.6999597207401067E+01
  3.6999593317877533E+01
  3.6999589536458387E+01
  3.6999585861444615E+01
  3.6999582291191743E+01
  3.6999578824212819E+01
  3.6999575458422207E+01
  3.6999590712484896E+01
  3.6999620133001528E+01
  3.6999657143209838E+01
  3.6999695988680742E+01
  3.6999733055806857E+01
  3.6999766466632749E+01
  3.6999795547057175E+01
  3.6999820433798355E+01
  3.6999841663679433E+01
  3.6999859862485380E+01
  3.6999873970046558E+01
  3.6999884786168394E+01
  3.6999893370353419E+01
  3.6999900370396304E+01
  3.6999906173915370E+01
  3.6999911042069037E+01
  3.6999915157575742E+01
  3.6999918655129356E+01
  3.6999921636738527E+01
  3.6999924182211316E+01
  3.6999926471045569E+01
  3.6999927863877701E+01
  3.6999928611759636E+01
  3.6999928799996873E+01
  3.6999928479445302E+01
  3.6999927673532021E+01
  3.6999926388348101E+01
  3.6999924613106451E+01
  3.6999922320975259E+01
  3.6999919467364130E+01
  3.6999916486622283E+01
  3.6999913308856392E+01
  3.6999909843208698E+01
  3.6999906010893866E+01
  3.6999901727909091E+01
  3.6999896918489583E+01
  3.6999891441732451E+01
  3.6999885187325290E+01
  3.6999878004140314E+01
  3.6999869694897853E+01
  3.6999861467306047E+01
  3.6999854070744284E+01
  3.6999847615528665E+01
  3.6999842123088023E+01
  3.6999837642355011E+01
  3.6999834003254023E+01
  3.6999831153041896E+01
  3.6999829056380662E+01
  3.6999827667775968E+01
  3.6999826928229808E+01
  3.6999825133786118E+01
  3.6999822653725786E+01
  3.6999819539332528E+01
  3.6999815816096167E+01
  3.6999811492356145E+01
  3.6999806561620062E+01
  3.6999801049872268E+01
  3.6999794858424991E+01
  3.6999787957363253E+01
  3.6999780307455069E+01
  3.6999772646456883E+01
  3.6999765294319495E+01
  3.6999758253212782E+01
  3.6999751525765575E+01
  3.6999745111209656E+01
  3.6999739003263429E+01
  3.6999733182450335E+01
  3.6999727682688516E+01
  3.6999722482389700E+01
  3.6999717523630544E+01
  3.6999712233936364E+01
  3.6999706876189308E+01
  3.6999701473317913E+01
  3.6999696037882870E+01
  3.6999690575552677E+01
  3.6999685086831910E+01
  3.6999679577799370E+01
  3.6999674063760061E+01
  3.6999668510510951E+01
  3.6999662915892195E+01
  3.6999657349201172E+01
  3.6999651938890302E+01
  3.6999646680964517E+01
  3.6999641570592154E+01
  3.6999636592560357E+01
  3.6999631761844554E+01
  3.6999627073061838E+01
  3.6999622512831664E+01
  3.6999618069550131E+01
  3.6999613737894620E+01
  3.6999609422183262E+01
  3.6999605209559817E+01
  3.6999601103379469E+01
  3.6999597105331986E+01
  3.6999593215864607E+01
  3.6999589434510455E+01
  3.6999585759600372E+01
  3.6999582189493758E+01
  3.6999578722690245E+01
  3.6999575357086890E+01
  3.6999590614004312E+01
  3.6999620034808189E+01
  3.6999657045275953E+01
  3.6999695894095858E+01
  3.6999732965357040E+01
  3.6999766379175803E+01
  3.6999795462244670E+01
  3.6999820352057370E+01
  3.6999841585225241E+01
  3.6999859787178956E+01
  3.6999873897308625E+01
  3.6999884715809529E+01
  3.6999893301945214E+01
  3.6999900303817427E+01
  3.6999906108968560E+01
  3.6999910978664218E+01
  3.6999915095625781E+01
  3.6999918594582702E+01
  3.6999921577556201E+01
  3.6999924124369620E+01
  3.6999926414503200E+01
  3.6999927808350030E+01
  3.6999928557243280E+01
  3.6999928746365832E+01
  3.6999928426596249E+01
  3.6999927621345861E+01
  3.6999926336705499E+01
  3.6999924561884477E+01
  3.6999922270049296E+01
  3.6999919416607185E+01
  3.6999916436010707E+01
  3.6999913258380325E+01
  3.6999909792857899E+01
  3.6999905960687464E+01
  3.6999901677748376E+01
  3.6999896868492563E+01
  3.6999891391761956E+01
  3.6999885137327347E+01
  3.6999877954194673E+01
  3.6999869645188326E+01
  3.6999861416823748E+01
  3.6999854019530865E+01
  3.6999847563954816E+01
  3.6999842071441314E+01
  3.6999837591335606E+01
  3.6999833952680625E+01
  3.6999831102341311E+01
  3.6999829005297208E+01
  3.6999827616578877E+01
  3.6999826877148259E+01
  3.6999825082431038E+01
  3.6999822602423443E+01
  3.6999819488172129E+01
  3.6999815764802968E+01
  3.6999811441141276E+01
  3.6999806510475828E+01
  3.6999800999174965E+01
  3.6999794808011785E+01
  3.6999787907152353E+01
  3.6999780257533629E+01
  3.6999772596055735E+01
  3.6999765243194773E+01
  3.6999758201386044E+01
  3.6999751473403450E+01
  3.6999745058541244E+01
  3.6999738950534429E+01
  3.6999733129814231E+01
  3.6999727630592744E+01
  3.6999722431348061E+01
  3.6999717473674011E+01
  3.6999712184437392E+01
  3.6999706826803042E+01
  3.6999701423876708E+01
  3.6999695988307977E+01
  3.6999690525819723E+01
  3.6999685036998230E+01
  3.6999679527914608E+01
  3.6999674014021572E+01
  3.6999668460908410E+01
  3.6999662866395177E+01
  3.6999657299540800E+01
  3.6999651888963669E+01
  3.6999646630765113E+01
  3.6999641520161362E+01
  3.6999636541918683E+01
  3.6999631711159346E+01
  3.6999627022495893E+01
  3.6999622462460110E+01
  3.6999618019455497E+01
  3.6999613688093731E+01
  3.6999609372543311E+01
  3.6999605160002204E+01
  3.6999601053861483E+01
  3.6999597055834251E+01
  3.6999593166382532E+01
  3.6999589385048502E+01
  3.6999585710179268E+01
  3.6999582140136148E+01
  3.6999578673411207E+01
  3.6999575307891547E+01
  3.6999590566256543E+01
  3.6999619987126223E+01
  3.6999656997607630E+01
  3.6999695848014305E+01
  3.6999732921284803E+01
  3.6999766336501565E+01
  3.6999795420776550E+01
  3.6999820312023552E+01
  3.6999841546742971E+01
  3.6999859750177315E+01
  3.6999873861505399E+01
  3.6999884681117564E+01
  3.6999893268153762E+01
  3.6999900270883352E+01
  3.6999906076797942E+01
  3.6999910947214175E+01
  3.6999915064856324E+01
  3.6999918564470789E+01
  3.6999921548085233E+01
  3.6999924095530375E+01
  3.6999926386280251E+01
  3.6999927780598711E+01
  3.6999928529968159E+01
  3.6999928719505611E+01
  3.6999928400101574E+01
  3.6999927595159299E+01
  3.6999926310769219E+01
  3.6999924536138700E+01
  3.6999922244433293E+01
  3.6999919391058953E+01
  3.6999916410519120E+01
  3.6999913232941445E+01
  3.6999909767468210E+01
  3.6999905935360502E+01
  3.6999901652432008E+01
  3.6999896843253211E+01
  3.6999891366527763E+01
  3.6999885112072370E+01
  3.6999877928963585E+01
  3.6999869620072602E+01
  3.6999861391298310E+01
  3.6999853993618053E+01
  3.6999847537848517E+01
  3.6999842045291068E+01
  3.6999837565513076E+01
  3.6999833927094286E+01
  3.6999831076692544E+01
  3.6999828979418233E+01
  3.6999827590511991E+01
  3.6999826851010084E+01
  3.6999825056186879E+01
  3.6999822576256399E+01
  3.6999819462075600E+01
  3.6999815738773741E+01
  3.6999811415133486E+01
  3.6999806484493881E+01
  3.6999800973425650E+01
  3.6999794782406958E+01
  3.6999787881651443E+01
  3.6999780232183134E+01
  3.6999772570444286E+01
  3.6999765217192945E+01
  3.6999758175003507E+01
  3.6999751446728411E+01
  3.6999745031695845E+01
  3.6999738923651037E+01
  3.6999733102974723E+01
  3.6999727604037254E+01
  3.6999722405357048E+01
  3.6999717448264761E+01
  3.6999712159276072E+01
  3.6999706801698906E+01
  3.6999701398738047E+01
  3.6999695963092790E+01
  3.6999690500515619E+01
  3.6999685011637965E+01
  3.6999679502524643E+01
  3.6999673988708416E+01
  3.6999668435665527E+01
  3.6999662841205982E+01
  3.6999657274258809E+01
  3.6999651863532797E+01
  3.6999646605181901E+01
  3.6999641494448184E+01
  3.6999636516086227E+01
  3.6999631685298048E+01
  3.6999626996693628E+01
  3.6999622436757029E+01
  3.6999617993896933E+01
  3.6999613662689086E+01
  3.6999609347220435E+01
  3.6999605134718543E+01
  3.6999601028594029E+01
  3.6999597030572637E+01
  3.6999593141124365E+01
  3.6999589359796246E+01
  3.6999585684944321E+01
  3.6999582114930874E+01
  3.6999578648243684E+01
  3.6999575282764148E+01
  3.6999590541893951E+01
  3.6999619962775974E+01
  3.6999656973205347E+01
  3.6999695824402757E+01
  3.6999732898707627E+01
  3.6999766314622740E+01
  3.6999795399487347E+01
  3.6999820291448067E+01
  3.6999841526945914E+01
  3.6999859731121084E+01
  3.6999873843045187E+01
  3.6999884663212754E+01
  3.6999893250695209E+01
  3.6999900253852282E+01
  3.6999906060146792E+01
  3.6999910930921921E+01
  3.6999915048903219E+01
  3.6999918548845777E+01
  3.6999921532780554E+01
  3.6999924080541980E+01
  3.6999926371601816E+01
  3.6999927766153554E+01
  3.6999928515760843E+01
  3.6999928705504658E+01
  3.6999928386281958E+01
  3.6999927581491797E+01
  3.6999926297224256E+01
  3.6999924522685689E+01
  3.6999922231041126E+01
  3.6999919377695853E+01
  3.6999916397179483E+01
  3.6999913219623572E+01
  3.6999909754170851E+01
  3.6999905922092282E+01
  3.6999901639164598E+01
  3.6999896830024120E+01
  3.6999891353298153E+01
  3.6999885098829232E+01
  3.6999877915732256E+01
  3.6999869606898841E+01
  3.6999861377902576E+01
  3.6999853980012098E+01
  3.6999847524136669E+01
  3.6999842031553449E+01
  3.6999837551951650E+01
  3.6999833913660375E+01
  3.6999831063208120E+01
  3.6999828965811467E+01
  3.6999827576799959E+01
  3.6999826837255284E+01
  3.6999825042369338E+01
  3.6999822562474414E+01
  3.6999819448329809E+01
  3.6999815725062454E+01
  3.6999811401431771E+01
  3.6999806470805204E+01
  3.6999800959863961E+01
  3.6999794768922925E+01
  3.6999787868596968E+01
  3.6999780219166617E+01
  3.6999772557247148E+01
  3.6999765203750087E+01
  3.6999758161323449E+01
  3.6999751432862453E+01
  3.6999745017713558E+01
  3.6999738909627730E+01
  3.6999733088957427E+01
  3.6999727590159381E+01
  3.6999722391775840E+01
  3.6999717434990664E+01
  3.6999712146129141E+01
  3.6999706788574038E+01
  3.6999701385584899E+01
  3.6999695949889308E+01
  3.6999690487256082E+01
  3.6999684998341785E+01
  3.6999679489206812E+01
  3.6999673975427960E+01
  3.6999668422418942E+01
  3.6999662827984537E+01
  3.6999657260981643E+01
  3.6999651850169087E+01
  3.6999646591730020E+01
  3.6999641480920644E+01
  3.6999636502488983E+01
  3.6999631671681023E+01
  3.6999626983105230E+01
  3.6999622423219229E+01
  3.6999617980434898E+01
  3.6999613649308152E+01
  3.6999609333880798E+01
  3.6999605121396883E+01
  3.6999601015277875E+01
  3.6999597017256505E+01
  3.6999593127807117E+01
  3.6999589346479368E+01
  3.6999585671634250E+01
  3.6999582101634537E+01
  3.6999578634965573E+01
  3.6999575269505442E+01
  3.6999590530021209E+01
  3.6999619950491109E+01
  3.6999656960576701E+01
  3.6999695812037231E+01
  3.6999732886825235E+01
  3.6999766303073407E+01
  3.6999795388224612E+01
  3.6999820280546899E+01
  3.6999841516445414E+01
  3.6999859721002537E+01
  3.6999873833233011E+01
  3.6999884653687815E+01
  3.6999893241399732E+01
  3.6999900244778019E+01
  3.6999906051269015E+01
  3.6999910922230015E+01
  3.6999915040387130E+01
  3.6999918540499976E+01
  3.6999921524601234E+01
  3.6999924072527278E+01
  3.6999926363749019E+01
  3.6999927758420952E+01
  3.6999928508151761E+01
  3.6999928698002371E+01
  3.6999928378873307E+01
  3.6999927574161354E+01
  3.6999926289956399E+01
  3.6999924515464244E+01
  3.6999922223849616E+01
  3.6999919370517446E+01
  3.6999916390011251E+01
  3.6999913212464733E+01
  3.6999909747020951E+01
  3.6999905914956592E+01
  3.6999901632027438E+01
  3.6999896822906770E+01
  3.6999891346179233E+01
  3.6999885091701984E+01
  3.6999877908611253E+01
  3.6999869599807404E+01
  3.6999861370688976E+01
  3.6999853972682438E+01
  3.6999847516748218E+01
  3.6999842024150041E+01
  3.6999837544644791E+01
  3.6999833906423028E+01
  3.6999831055942117E+01
  3.6999828958476471E+01
  3.6999827569404729E+01
  3.6999826829834333E+01
  3.6999825034911382E+01
  3.6999822555033667E+01
  3.6999819440920810E+01
  3.6999815717668433E+01
  3.6999811394040151E+01
  3.6999806463418992E+01
  3.6999800952547162E+01
  3.6999794761648019E+01
  3.6999787861353425E+01
  3.6999780211967362E+01
  3.6999772549967602E+01
  3.6999765196351660E+01
  3.6999758153808045E+01
  3.6999751425440948E+01
  3.6999745010222050E+01
  3.6999738902107644E+01
  3.6999733081561416E+01
  3.6999727582835561E+01
  3.6999722384609825E+01
  3.6999717427986582E+01
  3.6999712139187324E+01
  3.6999706781635673E+01
  3.6999701378621815E+01
  3.6999695942889772E+01
  3.6999690480217652E+01
  3.6999684991276169E+01
  3.6999679482122858E+01
  3.6999673968359012E+01
  3.6999668415363395E+01
  3.6999662820938006E+01
  3.6999657253899151E+01
  3.6999651843033647E+01
  3.6999646584541011E+01
  3.6999641473685280E+01
  3.6999636495210780E+01
  3.6999631664387984E+01
  3.6999626975824441E+01
  3.6999622415962932E+01
  3.6999617973217227E+01
  3.6999613642132196E+01
  3.6999609326724418E+01
  3.6999605114247245E+01
  3.6999601008128252E+01
  3.6999597010104054E+01
  3.6999593120651404E+01
  3.6999589339321389E+01
  3.6999585664477742E+01
  3.6999582094483472E+01
  3.6999578627822530E+01
  3.6999575262371067E+01
  3.6999590523110840E+01
  3.6999619943573393E+01
  3.6999656953601047E+01
  3.6999695805277447E+01
  3.6999732880360973E+01
  3.6999766296799230E+01
  3.6999795382105880E+01
  3.6999820274622799E+01
  3.6999841510737077E+01
  3.6999859715499397E+01
  3.6999873827893850E+01
  3.6999884648502835E+01
  3.6999893236337364E+01
  3.6999900239834290E+01
  3.6999906046430574E+01
  3.6999910917491192E+01
  3.6999915035742553E+01
  3.6999918535946719E+01
  3.6999921520137285E+01
  3.6999924068151678E+01
  3.6999926359460488E+01
  3.6999927754196399E+01
  3.6999928503993310E+01
  3.6999928693900912E+01
  3.6999928374821721E+01
  3.6999927570151293E+01
  3.6999926285979384E+01
  3.6999924511511487E+01
  3.6999922219912186E+01
  3.6999919366586219E+01
  3.6999916386084642E+01
  3.6999913208542360E+01
  3.6999909743102656E+01
  3.6999905911045524E+01
  3.6999901628114799E+01
  3.6999896819004668E+01
  3.6999891342275752E+01
  3.6999885087793523E+01
  3.6999877904706302E+01
  3.6999869595918121E+01
  3.6999861366731679E+01
  3.6999853968660268E+01
  3.6999847512693080E+01
  3.6999842020086270E+01
  3.6999837540634651E+01
  3.6999833902451009E+01
  3.6999831051954828E+01
  3.6999828954449796E+01
  3.6999827565343402E+01
  3.6999826825757694E+01
  3.6999825030813042E+01
  3.6999822550944138E+01
  3.6999819436852654E+01
  3.6999815713607219E+01
  3.6999811389979257E+01
  3.6999806459360499E+01
  3.6999800948527223E+01
  3.6999794757651138E+01
  3.6999787857373938E+01
  3.6999780208012481E+01
  3.6999772545967467E+01
  3.6999765192284841E+01
  3.6999758149675422E+01
  3.6999751421256533E+01
  3.6999745006006968E+01
  3.6999738897884704E+01
  3.6999733077344253E+01
  3.6999727578665670E+01
  3.6999722380536525E+01
  3.6999717424012303E+01
  3.6999712135256111E+01
  3.6999706777713790E+01
  3.6999701374692535E+01
  3.6999695938945905E+01
  3.6999690476257335E+01
  3.6999684987305606E+01
  3.6999679478146511E+01
  3.6999673964395171E+01
  3.6999668411410717E+01
  3.6999662816993713E+01
  3.6999657249937627E+01
  3.6999651839045107E+01
  3.6999646580524939E+01
  3.6999641469645567E+01
  3.6999636491149253E+01
  3.6999631660320226E+01
  3.6999626971765487E+01
  3.6999622411919432E+01
  3.6999617969196919E+01
  3.6999613638136672E+01
  3.6999609322741087E+01
  3.6999605110268831E+01
  3.6999601004150961E+01
  3.6999597006126287E+01
  3.6999593116672912E+01
  3.6999589335342712E+01
  3.6999585660500955E+01
  3.6999582090510771E+01
  3.6999578623855307E+01
  3.6999575258409600E+01
  3.6999590519278101E+01
  3.6999619939740867E+01
  3.6999656949733570E+01
  3.6999695801532773E+01
  3.6999732876783590E+01
  3.6999766293328527E+01
  3.6999795378721331E+01
  3.6999820271345975E+01
  3.6999841507579625E+01
  3.6999859712455169E+01
  3.6999873824939769E+01
  3.6999884645633571E+01
  3.6999893233535325E+01
  3.6999900237097421E+01
  3.6999906043751501E+01
  3.6999910914866760E+01
  3.6999915033169799E+01
  3.6999918533424044E+01
  3.6999921517663573E+01
  3.6999924065726404E+01
  3.6999926357083019E+01
  3.6999927751853768E+01
  3.6999928501686817E+01
  3.6999928691625499E+01
  3.6999928372573457E+01
  3.6999927567925582E+01
  3.6999926283771536E+01
  3.6999924509316671E+01
  3.6999922217725469E+01
  3.6999919364402558E+01
  3.6999916383903162E+01
  3.6999913206362869E+01
  3.6999909740925091E+01
  3.6999905908871746E+01
  3.6999901625939835E+01
  3.6999896816835417E+01
  3.6999891340105520E+01
  3.6999885085620356E+01
  3.6999877902535196E+01
  3.6999869593755598E+01
  3.6999861364530936E+01
  3.6999853966422911E+01
  3.6999847510437085E+01
  3.6999842017825287E+01
  3.6999837538403760E+01
  3.6999833900241164E+01
  3.6999831049736450E+01
  3.6999828952208922E+01
  3.6999827563082640E+01
  3.6999826823487957E+01
  3.6999825028530672E+01
  3.6999822548666465E+01
  3.6999819434587536E+01
  3.6999815711345676E+01
  3.6999811387717635E+01
  3.6999806457100092E+01
  3.6999800946288538E+01
  3.6999794755425363E+01
  3.6999787855157969E+01
  3.6999780205810382E+01
  3.6999772543739688E+01
  3.6999765190019403E+01
  3.6999758147372781E+01
  3.6999751418924440E+01
  3.6999745003657367E+01
  3.6999738895530520E+01
  3.6999733074993181E+01
  3.6999727576341265E+01
  3.6999722378266803E+01
  3.6999717421798557E+01
  3.6999712133066843E+01
  3.6999706775529809E+01
  3.6999701372504219E+01
  3.6999695936749170E+01
  3.6999690474051164E+01
  3.6999684985093587E+01
  3.6999679475931167E+01
  3.6999673962186833E+01
  3.6999668409208610E+01
  3.6999662814796281E+01
  3.6999657247730333E+01
  3.6999651836822402E+01
  3.6999646578286551E+01
  3.6999641467393701E+01
  3.6999636488884960E+01
  3.6999631658052323E+01
  3.6999626969502458E+01
  3.6999622409664980E+01
  3.6999617966955356E+01
  3.6999613635908865E+01
  3.6999609320519887E+01
  3.6999605108050140E+01
  3.6999601001932682E+01
  3.6999597003907574E+01
  3.6999593114453674E+01
  3.6999589333123282E+01
  3.6999585658282534E+01
  3.6999582088294616E+01
  3.6999578621642215E+01
  3.6999575256199705E+01
  3.6999590517141158E+01
  3.6999619937604294E+01
  3.6999656947574302E+01
  3.6999695799441916E+01
  3.6999732874786503E+01
  3.6999766291390635E+01
  3.6999795376830789E+01
  3.6999820269515013E+01
  3.6999841505814885E+01
  3.6999859710753249E+01
  3.6999873823287764E+01
  3.6999884644028590E+01
  3.6999893231967540E+01
  3.6999900235565789E+01
  3.6999906042251880E+01
  3.6999910913397422E+01
  3.6999915031729117E+01
  3.6999918532011151E+01
  3.6999921516277837E+01
  3.6999924064367526E+01
  3.6999926355750688E+01
  3.6999927750540671E+01
  3.6999928500393736E+01
  3.6999928690349606E+01
  3.6999928371312549E+01
  3.6999927566677101E+01
  3.6999926282532861E+01
  3.6999924508085101E+01
  3.6999922216498248E+01
  3.6999919363176879E+01
  3.6999916382678535E+01
  3.6999913205139187E+01
  3.6999909739702346E+01
  3.6999905907651026E+01
  3.6999901624718305E+01
  3.6999896815617042E+01
  3.6999891338886499E+01
  3.6999885084399622E+01
  3.6999877901315728E+01
  3.6999869592540982E+01
  3.6999861363294677E+01
  3.6999853965165819E+01
  3.6999847509169385E+01
  3.6999842016554709E+01
  3.6999837537150185E+01
  3.6999833898999277E+01
  3.6999831048489703E+01
  3.6999828950949279E+01
  3.6999827561811543E+01
  3.6999826822211624E+01
  3.6999825027296268E+01
  3.6999822547419313E+01
  3.6999819433337649E+01
  3.6999815710091170E+01
  3.6999811386458603E+01
  3.6999806455838694E+01
  3.6999800945037364E+01
  3.6999794754180002E+01
  3.6999787853917127E+01
  3.6999780204576659E+01
  3.6999772542490653E+01
  3.6999765188748412E+01
  3.6999758146080147E+01
  3.6999751417614540E+01
  3.6999745002337050E+01
  3.6999738894207205E+01
  3.6999733073671280E+01
  3.6999727575034264E+01
  3.6999722376990739E+01
  3.6999717420554163E+01
  3.6999712131836283E+01
  3.6999706774302140E+01
  3.6999701371273900E+01
  3.6999695935513891E+01
  3.6999690472810379E+01
  3.6999684983849384E+01
  3.6999679474684989E+01
  3.6999673960944563E+01
  3.6999668407969814E+01
  3.6999662813560093E+01
  3.6999657246488468E+01
  3.6999651835571697E+01
  3.6999646577026866E+01
  3.6999641466126292E+01
  3.6999636487610452E+01
  3.6999631656775726E+01
  3.6999626968228583E+01
  3.6999622408395894E+01
  3.6999617965693474E+01
  3.6999613634654665E+01
  3.6999609319269283E+01
  3.6999605106800821E+01
  3.6999601000683484E+01
  3.6999597002658057E+01
  3.6999593113203808E+01
  3.6999589331873288E+01
  3.6999585657033109E+01
  3.6999582087046477E+01
  3.6999578620395816E+01
  3.6999575254955118E+01
  3.6999590515938266E+01
  3.6999619936401842E+01
  3.6999656946357703E+01
  3.6999695798263822E+01
  3.6999732873661443E+01
  3.6999766290298801E+01
  3.6999795375765331E+01
  3.6999820268482850E+01
  3.6999841504819848E+01
  3.6999859709793405E+01
  3.6999873822355823E+01
  3.6999884643122982E+01
  3.6999893231082709E+01
  3.6999900234701187E+01
  3.6999906041405197E+01
  3.6999910912567685E+01
  3.6999915030915425E+01
  3.6999918531213012E+01
  3.6999921515494897E+01
  3.6999924063599643E+01
  3.6999926354997690E+01
  3.6999927749798395E+01
  3.6999928499662651E+01
  3.6999928689628113E+01
  3.6999928370599434E+01
  3.6999927565970900E+01
  3.6999926281832117E+01
  3.6999924507388279E+01
  3.6999922215803799E+01
  3.6999919362483226E+01
  3.6999916381985400E+01
  3.6999913204446521E+01
  3.6999909739010135E+01
  3.6999905906959910E+01
  3.6999901624026663E+01
  3.6999896814927148E+01
  3.6999891338196193E+01
  3.6999885083708321E+01
  3.6999877900625215E+01
  3.6999869591853297E+01
  3.6999861362594665E+01
  3.6999853964453877E+01
  3.6999847508451374E+01
  3.6999842015835029E+01
  3.6999837536440175E+01
  3.6999833898295805E+01
  3.6999831047783431E+01
  3.6999828950235589E+01
  3.6999827561091244E+01
  3.6999826821488270E+01
  3.6999825026568850E+01
  3.6999822546693267E+01
  3.6999819432615709E+01
  3.6999815709370260E+01
  3.6999811385737551E+01
  3.6999806455117977E+01
  3.6999800944323674E+01
  3.6999794753470461E+01
  3.6999787853210776E+01
  3.6999780203874820E+01
  3.6999772541780381E+01
  3.6999765188025911E+01
  3.6999758145345574E+01
  3.6999751416870296E+01
  3.6999745001587030E+01
  3.6999738893455628E+01
  3.6999733072920648E+01
  3.6999727574292294E+01
  3.6999722376266604E+01
  3.6999717419848245E+01
  3.6999712131138416E+01
  3.6999706773606022E+01
  3.6999701370576304E+01
  3.6999695934813474E+01
  3.6999690472106828E+01
  3.6999684983143915E+01
  3.6999679473978418E+01
  3.6999673960240237E+01
  3.6999668407267485E+01
  3.6999662812859256E+01
  3.6999657245784377E+01
  3.6999651834862547E+01
  3.6999646576312578E+01
  3.6999641465407592E+01
  3.6999636486887695E+01
  3.6999631656051776E+01
  3.6999626967506174E+01
  3.6999622407676185E+01
  3.6999617964977816E+01
  3.6999613633943312E+01
  3.6999609318559891E+01
  3.6999605106092076E+01
  3.6999600999974746E+01
  3.6999597001949091E+01
  3.6999593112494622E+01
  3.6999589331164017E+01
  3.6999585656324157E+01
  3.6999582086338265E+01
  3.6999578619688606E+01
  3.6999575254248938E+01
  3.6999590515256038E+01
  3.6999619935719956E+01
  3.6999656945667127E+01
  3.6999695797595002E+01
  3.6999732873022744E+01
  3.6999766289678867E+01
  3.6999795375160183E+01
  3.6999820267896489E+01
  3.6999841504254462E+01
  3.6999859709247929E+01
  3.6999873821826100E+01
  3.6999884642608137E+01
  3.6999893230579595E+01
  3.6999900234209505E+01
  3.6999906040923626E+01
  3.6999910912095686E+01
  3.6999915030452485E+01
  3.6999918530758876E+01
  3.6999921515049358E+01
  3.6999924063162602E+01
  3.6999926354569070E+01
  3.6999927749375814E+01
  3.6999928499246394E+01
  3.6999928689217271E+01
  3.6999928370193302E+01
  3.6999927565568669E+01
  3.6999926281432941E+01
  3.6999924506991299E+01
  3.6999922215408134E+01
  3.6999919362087972E+01
  3.6999916381590410E+01
  3.6999913204051765E+01
  3.6999909738615614E+01
  3.6999905906565985E+01
  3.6999901623632411E+01
  3.6999896814533884E+01
  3.6999891337802666E+01
  3.6999885083314226E+01
  3.6999877900231624E+01
  3.6999869591461390E+01
  3.6999861362195702E+01
  3.6999853964048036E+01
  3.6999847508042038E+01
  3.6999842015424719E+01
  3.6999837536035386E+01
  3.6999833897894696E+01
  3.6999831047380702E+01
  3.6999828949828569E+01
  3.6999827560680401E+01
  3.6999826821075644E+01
  3.6999825026153857E+01
  3.6999822546279042E+01
  3.6999819432203864E+01
  3.6999815708958977E+01
  3.6999811385326169E+01
  3.6999806454706786E+01
  3.6999800943916505E+01
  3.6999794753065665E+01
  3.6999787852807820E+01
  3.6999780203474465E+01
  3.6999772541375151E+01
  3.6999765187613669E+01
  3.6999758144926417E+01
  3.6999751416445562E+01
  3.6999745001158956E+01
  3.6999738893026645E+01
  3.6999733072492184E+01
  3.6999727573868803E+01
  3.6999722375853374E+01
  3.6999717419445489E+01
  3.6999712130740306E+01
  3.6999706773208921E+01
  3.6999701370178336E+01
  3.6999695934413865E+01
  3.6999690471705406E+01
  3.6999684982741385E+01
  3.6999679473575249E+01
  3.6999673959838361E+01
  3.6999668406866746E+01
  3.6999662812459377E+01
  3.6999657245382622E+01
  3.6999651834457879E+01
  3.6999646575904954E+01
  3.6999641464997424E+01
  3.6999636486475197E+01
  3.6999631655638595E+01
  3.6999626967093867E+01
  3.6999622407265406E+01
  3.6999617964569332E+01
  3.6999613633537258E+01
  3.6999609318154917E+01
  3.6999605105687436E+01
  3.6999600999570077E+01
  3.6999597001544274E+01
  3.6999593112089663E+01
  3.6999589330759008E+01
  3.6999585655919333E+01
  3.6999582085933874E+01
  3.6999578619284790E+01