   20.0000000000000        31.6856917413487       1.782760109385855E-002
   20.0000000000000        31.6856917413487       1.782760107522301E-002
   20.6919539439261        31.7114205730482       1.782760107522301E-002
   21.1369151763779        31.7367491477344       1.782760107548009E-002
   21.5277728319634        31.7617534570854       1.782760107575704E-002
   21.8527596909660        31.7864644725005       1.782760107604566E-002
   22.1491191714435        31.8109067411070       1.782760107633308E-002
   22.4117871163803        31.8350968869039       1.782760107662165E-002
   22.6560247166956        31.8590487870511       1.782760107690592E-002
   22.8790375411030        31.8827732738649       1.782760107718804E-002
