   20.0000000000001        31.6856917413484       1.782760109385855E-002
   20.0000000000001        31.6856917413484       1.782760107522301E-002
   20.6918482218414        31.7114056202242       1.782760107522301E-002
   21.1366984680353        31.7367177648618       1.782760107547995E-002
   21.5274401303985        31.7617043972406       1.782760107575673E-002
   21.8523067622269        31.7863965946148       1.782760107604517E-002
   22.1485424828774        31.8108189909358       1.782760107633239E-002
   22.4110834187527        31.8349882752669       1.782760107662075E-002
   22.6551912052382        31.8589183820920       1.782760107690479E-002
   22.8780716251961        31.8826201927519       1.782760107718668E-002
   23.0878296614159        31.9061032434887       1.782760107746342E-002
   23.2827048136842        31.9293754538938       1.782760107773669E-002
   23.4676392006050        31.9524439298114       1.782760107800463E-002
   23.6414300946643        31.9753148184258       1.782760107826855E-002
   23.8073649100490        31.9979937280534       1.782760107852720E-002
   23.9645757324528        32.0204856429678       1.782760107878162E-002
   24.1153846192482        32.0427951676010       1.782760107903093E-002
   24.2591396281757        32.0649264727056       1.782760107927597E-002
   24.3975548135445        32.0868834487964       1.782760107951611E-002
   24.5301249857740        32.1086696700761       1.782760107975202E-002
   24.6581588760831        32.1302884966721       1.782760107998324E-002
   24.7812550873381        32.1517430492755       1.782760108021034E-002
   24.9004400049013        32.1730362804893       1.782760108043296E-002
