   20.0000000000001        31.6856917413484        65025734.4596305     
  1.782760109385855E-002
   20.0000000000001        31.6856917413484        65025734.4596305     
  1.782760107522301E-002
   20.6918482218414        31.7114056202242        65025734.4596305     
  1.782760107522301E-002
   21.1366984680353        31.7367177648618        65025734.4596305     
  1.782760107547995E-002
   21.5274401303985        31.7617043972406        65025734.4596305     
  1.782760107575673E-002
   21.8523067622269        31.7863965946148        65025734.4596305     
  1.782760107604517E-002
   22.1485424828774        31.8108189909358        65025734.4596305     
  1.782760107633239E-002
   22.4110834187527        31.8349882752669        65025734.4596305     
  1.782760107662075E-002
   22.6551912052382        31.8589183820920        65025734.4596305     
  1.782760107690479E-002
   22.8780716251961        31.8826201927519        65025734.4596305     
  1.782760107718668E-002
   23.0878296614159        31.9061032434887        65025734.4596305     
  1.782760107746342E-002
   23.2827048136842        31.9293754538938        65025734.4596305     
  1.782760107773669E-002
   23.4676392006050        31.9524439298114        65025734.4596305     
  1.782760107800463E-002
   23.6414300946643        31.9753148184259        65025734.4596305     
  1.782760107826855E-002
