   33.7000000000000        36.8000000000000        65021995.9805036     
   1.00000000000000     
   33.7000000000000        36.8000000000000        65021995.9805036     
  1.763672131067344E-002
   33.7030584255901        36.8007105780541        65021995.9805036     
  1.763672131067344E-002
   33.7000866274966        36.8014278757626        65021995.9805036     
  1.763672131067344E-002
   33.7027750809097        36.8021674857631        65021995.9805036     
  1.763672131067344E-002
   33.7001755038240        36.8029202569634        65021995.9805036     
  1.763672131067344E-002
   33.7025541609665        36.8036897631464        65021995.9805036     
  1.763672131067344E-002
   33.7002590805645        36.8044634507073        65021995.9805036     
  1.763672131067344E-002
   33.7023726372512        36.8052431092279        65021995.9805036     
  1.763672131067344E-002
   33.7003349098341        36.8060177440861        65021995.9805036     
  1.763672131067344E-002
   33.7022197361578        36.8067897537190        65021995.9805036     
  1.763672131067344E-002
   33.7004026290188        36.8075505832808        65021995.9805036     
  1.763672131067344E-002
   33.7020888968398        36.8083034537281        65021995.9805036     
  1.763672131067344E-002
   33.7004626505582        36.8090419722313        65021995.9805036     
  1.763672131067344E-002
   33.7019756641619        36.8097698602124        65021995.9805036     
  1.763672131067344E-002
   33.7005156459618        36.8104823873162        65021995.9805036     
  1.763672131067344E-002
   33.7018768211151        36.8111834284036        65021995.9805036     
  1.763672131067344E-002
   33.7005623434198        36.8118694702241        65021995.9805036     
  1.763672131067344E-002
   33.7017899414941        36.8125442903753        65021995.9805036     
  1.763672131067344E-002
   33.7006034484904        36.8132052552259        65021995.9805036     
  1.763672131067344E-002
   33.7017131388417        36.8138558928791        65021995.9805036     
  1.763672131067344E-002
   33.7006396124745        36.8144942002776        65021995.9805036     
  1.763672131067344E-002
   33.7016449107665        36.8151233834580        65021995.9805036     
  1.763672131067344E-002
   33.7006714226696        36.8157419025730        65021995.9805036     
  1.763672131067344E-002
   33.7015840398834        36.8163526105676        65021995.9805036     
  1.763672131067344E-002
   33.7006994006428        36.8169543112540        65021995.9805036     
  1.763672131067344E-002
   33.7015295256395        36.8175495066789        65021995.9805036     
  1.763672131067344E-002
   33.7007240074946        36.8181372604319        65021995.9805036     
  1.763672131067344E-002
   33.7014805349408        36.8187197464441        65021995.9805036     
  1.763672131067344E-002
   33.7007456491279        36.8192962218288        65021995.9805036     
  1.763672131067344E-002
   33.7014363685240        36.8198685582010        65021995.9805036     
  1.763672131067344E-002
   33.7007646821050        36.8204361657357        65021995.9805036     
  1.763672131067344E-002
   33.7013964337253        36.8210006450703        65021995.9805036     
  1.763672131067344E-002
   33.7007814186527        36.8215615235394        65021995.9805036     
  1.763672131067344E-002
   33.7013602260472        36.8221201610352        65021995.9805036     
  1.763672131067344E-002
   33.7007961321569        36.8226761779904        65021995.9805036     
  1.763672131067344E-002
   33.7013273124037        36.8232307256311        65021995.9805036     
  1.763672131067344E-002
   33.7008090631646        36.8237834925582        65021995.9805036     
  1.763672131067344E-002
   33.7012973194751        36.8243354451671        65021995.9805036     
  1.763672131067344E-002
   33.7008204217724        36.8248863280709        65021995.9805036     
  1.763672131067344E-002
   33.7012699241329        36.8254369474943        65021995.9805036     
  1.763672131067344E-002
   33.7008303926247        36.8259870910668        65021995.9805036     
  1.763672131067344E-002
   33.7012448454036        36.8265374277134        65021995.9805036     
  1.763672131067344E-002
   33.7008391378748        36.8270877755397        65021995.9805036     
  1.763672131067344E-002
   33.7012218379040        36.8276386845383        65021995.9805036     
  1.763672131067344E-002
   33.7008467999732        36.8281899966833        65021995.9805036     
  1.763672131067344E-002
   33.7012006870640        36.8287421594961        65021995.9805036     
  1.763672131067344E-002
   33.7008535041827        36.8292950315218        65021995.9805036     
  1.763672131067344E-002
   33.7011812043071        36.8298489732885        65021995.9805036     
  1.763672131067344E-002
   33.7008593607127        36.8304038566376        65021995.9805036     
  1.763672131067344E-002
   33.7011632233307        36.8309599659069        65021995.9805036     
  1.763672131067344E-002
   33.7008644667154        36.8315171820860        65021995.9805036     
  1.763672131067344E-002
   33.7011465975483        36.8320757245619        65021995.9805036     
  1.763672131067344E-002
   33.7008689079210        36.8326354799383        65021995.9805036     
  1.763672131067344E-002
   33.7011311972136        36.8331966131846        65021995.9805036     
  1.763672131067344E-002
   33.7008727596968        36.8337590150559        65021995.9805036     
  1.763672131067344E-002
   33.7011169070766        36.8343228039382        65021995.9805036     
  1.763672131067344E-002
   33.7008760889520        36.8348878730369        65021995.9805036     
  1.763672131067344E-002
   33.7011036246167        36.8354543014277        65021995.9805036     
  1.763672131067344E-002
   33.7008789548000        36.8360219832544        65021995.9805036     
  1.763672131067344E-002
   33.7010912584439        36.8365909653373        65021995.9805036     
  1.763672131067344E-002
   33.7008814093324        36.8371611427596        65021995.9805036     
  1.763672131067344E-002
   33.7010797271361        36.8377325343742        65021995.9805036     
  1.763672131067344E-002
   33.7008834987884        36.8383050357632        65021995.9805036     
  1.763672131067344E-002
   33.7010689577624        36.8388786429215        65021995.9805036     
  1.763672131067344E-002
   33.7008852640704        36.8394532517743        65021995.9805036     
  1.763672131067344E-002
   33.7010588849416        36.8400288396096        65021995.9805036     
  1.763672131067344E-002
   33.7008867416506        36.8406053027983        65021995.9805036     
  1.763672131067344E-002
   33.7010494500392        36.8411826031382        65021995.9805036     
  1.763672131067344E-002
   33.7008879637177        36.8417606372176        65021995.9805036     
  1.763672131067344E-002
   33.7010406002056        36.8423393548787        65021995.9805036     
  1.763672131067344E-002
   33.7008889588354        36.8429186532117        65021995.9805036     
  1.763672131067344E-002
   33.7010322878587        36.8434984725438        65021995.9805036     
  1.763672131067344E-002
   33.7008897525459        36.8440787113855        65021995.9805036     
  1.763672131067344E-002
   33.7010244701682        36.8446593021424        65021995.9805036     
  1.763672131067344E-002
   33.7008903674299        36.8452401441901        65021995.9805036     
  1.763672131067344E-002
   33.7010171083179        36.8458211641062        65021995.9805036     
  1.763672131067344E-002
   33.7008908236743        36.8464022634223        65021995.9805036     
  1.763672131067344E-002
   33.7010101670893        36.8469833649264        65021995.9805036     
  1.763672131067344E-002
   33.7008911392116        36.8475643713125        65021995.9805036     
  1.763672131067344E-002
   33.7010036146804        36.8481452029786        65021995.9805036     
  1.763672131067344E-002
   33.7008913300305        36.8487257646939        65021995.9805036     
  1.763672131067344E-002
   33.7009974221647        36.8493059755319        65021995.9805036     
  1.763672131067344E-002
   33.7008914103463        36.8498857429206        65021995.9805036     
  1.763672131067344E-002
   33.7009915632748        36.8504649851619        65021995.9805036     
  1.763672131067344E-002
   33.7008913929074        36.8510436116139        65021995.9805036     
  1.763672131067344E-002
   33.7009860140059        36.8516215415806        65021995.9805036     
  1.763672131067344E-002
   33.7008912890985        36.8521986874626        65021995.9805036     
  1.763672131067344E-002
   33.7009807525456        36.8527749688425        65021995.9805036     
  1.763672131067344E-002
   33.7008911090395        36.8533503010254        65021995.9805036     
  1.763672131067344E-002
   33.7009757588582        36.8539246059674        65021995.9805036     
  1.763672131067344E-002
   33.7008908617641        36.8544978019492        65021995.9805036     
  1.763672131067344E-002
   33.7009710147710        36.8550698128159        65021995.9805036     
  1.763672131067344E-002
   33.7008905553359        36.8556405598178        65021995.9805036     
  1.763672131067344E-002
   33.7009665035519        36.8562099692619        65021995.9805036     
  1.763672131067344E-002
   33.7008901970026        36.8567779656316        65021995.9805036     
  1.763672131067344E-002
   33.7009622098600        36.8573444779929        65021995.9805036     
  1.763672131067344E-002
   33.7008897932407        36.8579094340926        65021995.9805036     
  1.763672131067344E-002
   33.7009581196104        36.8584727660300        65021995.9805036     
  1.763672131067344E-002
   33.7008893498402        36.8590344048292        65021995.9805036     
  1.763672131067344E-002
   33.7009542198544        36.8595942857288        65021995.9805036     
  1.763672131067344E-002
   33.7008888719824        36.8601523431241        65021995.9805036     
  1.763672131067344E-002
   33.7009504986695        36.8607085155179        65021995.9805036     
  1.763672131067344E-002
   33.7008883643045        36.8612627406767        65021995.9805036     
  1.763672131067344E-002
   33.7009469450650        36.8618149604521        65021995.9805036     
  1.763672131067344E-002
   33.7008878309579        36.8623651159711        65021995.9805036     
  1.763672131067344E-002
   33.7009435488963        36.8629131524780        65021995.9805036     
  1.763672131067344E-002
   33.7008872756598        36.8634590144406        65021995.9805036     
  1.763672131067344E-002
   33.7009403007883        36.8640026505084        65021995.9805036     
  1.763672131067344E-002
   33.7008867017378        36.8645440084570        65021995.9805036     
  1.763672131067344E-002
   33.7009371920668        36.8650830403276        65021995.9805036     
  1.763672131067344E-002
   33.7008861121305        36.8656196969527        65021995.9805036     
  1.763672131067344E-002
   33.7009342147357        36.8661539343303        65021995.9805036     
  1.763672131067344E-002
   33.7008855095537        36.8666857059831        65021995.9805036     
  1.763672131067344E-002
   33.7009313612611        36.8672149710670        65021995.9805036     
  1.763672131067344E-002
   33.7008848964298        36.8677416868714        65021995.9805036     
  1.763672131067344E-002
   33.7009286248028        36.8682658154911        65021995.9805036     
  1.763672131067344E-002
   33.7008842748226        36.8687873168063        65021995.9805036     
  1.763672131067344E-002
   33.7009259988538        36.8693061563925        65021995.9805036     
  1.763672131067344E-002
   33.7008836467150        36.8698222976377        65021995.9805036     
  1.763672131067344E-002
   33.7009234775024        36.8703357088667        65021995.9805036     
  1.763672131067344E-002
   33.7008830137504        36.8708463559238        65021995.9805036     
  1.763672131067344E-002
   33.7009210551047        36.8713542103797        65021995.9805036     
  1.763672131067344E-002
   33.7008823775210        36.8718592413591        65021995.9805036     
  1.763672131067344E-002
   33.7009187265270        36.8723614230101        65021995.9805036     
  1.763672131067344E-002
   33.7008817393334        36.8728607268101        65021995.9805036     
  1.763672131067344E-002
   33.7009164868813        36.8733571300211        65021995.9805036     
  1.763672131067344E-002
   33.7008811004404        36.8738506068049        65021995.9805036     
  1.763672131067344E-002
   33.7009143316187        36.8743411369138        65021995.9805036     
  1.763672131067344E-002
   33.7008804619536        36.8748286974273        65021995.9805036     
  1.763672131067344E-002
   33.7009122564746        36.8753132698682        65021995.9805036     
  1.763672131067344E-002
   33.7008798248089        36.8757948342432        65021995.9805036     
  1.763672131067344E-002
   33.7009102575795        36.8762733749853        65021995.9805036     
  1.763672131067344E-002
   33.7008791898593        36.8767488739404        65021995.9805036     
  1.763672131067344E-002
   33.7009083311295        36.8772213178507        65021995.9805036     
  1.763672131067344E-002
   33.7008785578850        36.8776906908579        65021995.9805036     
  1.763672131067344E-002
   33.7009064736574        36.8781569819271        65021995.9805036     
  1.763672131067344E-002
   33.7008779295513        36.8786201772032        65021995.9805036     
  1.763672131067344E-002
   33.7009046819049        36.8790802681425        65021995.9805036     
  1.763672131067344E-002
   33.7008773054596        36.8795372425264        65021995.9805036     
  1.763672131067344E-002
   33.7009029527659        36.8799910939092        65021995.9805036     
  1.763672131067344E-002
   33.7008766861351        36.8804418123834        65021995.9805036     
  1.763672131067344E-002
   33.7009012833556        36.8808893931598        65021995.9805036     
  1.763672131067344E-002
   33.7008760720655        36.8813338283979        65021995.9805036     
  1.763672131067344E-002
   33.7008996709500        36.8817751151083        65021995.9805036     
  1.763672131067344E-002
   33.7008754636313        36.8822132472693        65021995.9805036     
  1.763672131067344E-002
   33.7008981130064        36.8826482234000        65021995.9805036     
  1.763672131067344E-002
   33.7008748611932        36.8830800392062        65021995.9805036     
  1.763672131067344E-002
   33.7008966070653        36.8835086947445        65021995.9805036     
  1.763672131067344E-002
   33.7008742650776        36.8839341871929        65021995.9805036     
  1.763672131067344E-002
   33.7008951508474        36.8843565182345        65021995.9805036     
  1.763672131067344E-002
   33.7008736755420        36.8847756866166        65021995.9805036     
  1.763672131067344E-002
   33.7008937421770        36.8851916953639        65021995.9805036     
  1.763672131067344E-002
   33.7008730928405        36.8856045448683        65021995.9805036     
  1.763672131067344E-002
   33.7008923790726        36.8860142395458        65021995.9805036     
  1.763672131067344E-002
   33.7008725171163        36.8864207809321        65021995.9805036     
  1.763672131067344E-002
   33.7008910595794        36.8868241747736        65021995.9805036     
  1.763672131067344E-002
   33.7008719485552        36.8872244238790        65021995.9805036     
  1.763672131067344E-002
   33.7008897818645        36.8876215351830        65021995.9805036     
  1.763672131067344E-002
   33.7008713873066        36.8880155127017        65021995.9805036     
  1.763672131067344E-002
   33.7008885442061        36.8884063644715        65021995.9805036     
  1.763672131067344E-002
   33.7008708334745        36.8887940956391        65021995.9805036     
  1.763672131067344E-002
   33.7008873449715        36.8891787152469        65021995.9805036     
  1.763672131067344E-002
   33.7008702871379        36.8895602295574        65021995.9805036     
  1.763672131067344E-002
   33.7008861826111        36.8899386485390        65021995.9805036     
  1.763672131067344E-002
   33.7008697483724        36.8903139794204        65021995.9805036     
  1.763672131067344E-002
   33.7008850556471        36.8906862330523        65021995.9805036     
  1.763672131067344E-002
   33.7008692172277        36.8910554176203        65021995.9805036     
  1.763672131067344E-002
   33.7008839626551        36.8914215447474        65021995.9805036     
  1.763672131067344E-002
   33.7008686937439        36.8917846235110        65021995.9805036     
  1.763672131067344E-002
   33.7008829023371        36.8921446664028        65021995.9805036     
  1.763672131067344E-002
   33.7008681779421        36.8925016832064        65021995.9805036     
  1.763672131067344E-002
   33.7008818734204        36.8928556871147        65021995.9805036     
  1.763672131067344E-002
   33.7008676698304        36.8932066886626        65021995.9805036     
  1.763672131067344E-002
   33.7008808747094        36.8935547016815        65021995.9805036     
  1.763672131067344E-002
   33.7008671693802        36.8938997374471        65021995.9805036     
  1.763672131067344E-002
   33.7008799050515        36.8942418103702        65021995.9805036     
  1.763672131067344E-002
   33.7008666765874        36.8945809323500        65021995.9805036     
  1.763672131067344E-002
   33.7008789633667        36.8949171183448        65021995.9805036     
  1.763672131067344E-002
   33.7008661914125        36.8952503808608        65021995.9805036     
  1.763672131067344E-002
   33.7008780486115        36.8955807353324        65021995.9805036     
  1.763672131067344E-002
   33.7008657138136        36.8959081948610        65021995.9805036     
  1.763672131067344E-002
   33.7008771598107        36.8962327752320        65021995.9805036     
  1.763672131067344E-002
   33.7008652437615        36.8965544900963        65021995.9805036     
  1.763672131067344E-002
   33.7008762959911        36.8968733556893        65021995.9805036     
  1.763672131067344E-002
   33.7008647812196        36.8971893860225        65021995.9805036     
  1.763672131067344E-002
   33.7008754562699        36.8975025977415        65021995.9805036     
  1.763672131067344E-002
   33.7008643261134        36.8978130053120        65021995.9805036     
  1.763672131067344E-002
   33.7008746397879        36.8981206256272        65021995.9805036     
  1.763672131067344E-002
   33.7008638783820        36.8984254735655        65021995.9805036     
  1.763672131067344E-002
   33.7008738457228        36.8987275663166        65021995.9805036     
  1.763672131067344E-002
   33.7008634379577        36.8990269190799        65021995.9805036     
  1.763672131067344E-002
   33.7008730732858        36.8993235493460        65021995.9805036     
  1.763672131067344E-002
   33.7008630047736        36.8996174725384        65021995.9805036     
  1.763672131067344E-002
   33.7008723217311        36.8999087064016        65021995.9805036     
  1.763672131067344E-002
   33.7008625787499        36.9001972666350        65021995.9805036     
  1.763672131067344E-002
   33.7008715903412        36.9004831711667        65021995.9805036     
  1.763672131067344E-002
   33.7008621598087        36.9007664359378        65021995.9805036     
  1.763672131067344E-002
   33.7008708784289        36.9010470790313        65021995.9805036     
  1.763672131067344E-002
   33.7008617478687        36.9013251165998        65021995.9805036     
  1.763672131067344E-002
   33.7008701853367        36.9016005668531        65021995.9805036     
  1.763672131067344E-002
   33.7008613428466        36.9018734461270        65021995.9805036     
  1.763672131067344E-002
   33.7008695104418        36.9021437726721        65021995.9805036     
  1.763672131067344E-002
   33.7008609446541        36.9024115630566        65021995.9805036     
  1.763672131067344E-002
   33.7008688531291        36.9026768356440        65021995.9805036     
  1.763672131067344E-002
   33.7008605532070        36.9029396070796        65021995.9805036     
  1.763672131067344E-002
   33.7008682128246        36.9031998957798        65021995.9805036     
  1.763672131067344E-002
   33.7008601684166        36.9034577184972        65021995.9805036     
  1.763672131067344E-002
   33.7008675889877        36.9037130936594        65021995.9805036     
  1.763672131067344E-002
   33.7008597901926        36.9039660381383        65021995.9805036     
  1.763672131067344E-002
   33.7008669810575        36.9042165703757        65021995.9805036     
  1.763672131067344E-002
   33.7008594184448        36.9044647072847        65021995.9805036     
  1.763672131067344E-002
   33.7008663885377        36.9047104673007        65021995.9805036     
  1.763672131067344E-002
   33.7008590530732        36.9049538673869        65021995.9805036     
  1.763672131067344E-002
   33.7008658109346        36.9051949259600        65021995.9805036     
  1.763672131067344E-002
   33.7008586940071        36.9054336599859        65021995.9805036     
  1.763672131067344E-002
   33.7008652477741        36.9056700878397        65021995.9805036     
  1.763672131067344E-002
   33.7008583411409        36.9059042265035        65021995.9805036     
  1.763672131067344E-002
   33.7008646986342        36.9061360943605        65021995.9805036     
  1.763672131067344E-002
   33.7008579943806        36.9063657083260        65021995.9805036     
  1.763672131067344E-002
   33.7008641630367        36.9065930866697        65021995.9805036     
  1.763672131067344E-002
   33.7008576536392        36.9068182463129        65021995.9805036     
  1.763672131067344E-002
   33.7008636405857        36.9070412054303        65021995.9805036     
  1.763672131067344E-002
   33.7008573188215        36.9072619809156        65021995.9805036     
  1.763672131067344E-002
   33.7008631308599        36.9074805907436        65021995.9805036     
  1.763672131067344E-002
   33.7008569898362        36.9076970518633        65021995.9805036     
  1.763672131067344E-002
   33.7008626335048        36.9079113822506        65021995.9805036     
  1.763672131067344E-002
   33.7008566666024        36.9081235986480        65021995.9805036     
  1.763672131067344E-002
   33.7008621481360        36.9083337189464        65021995.9805036     
  1.763672131067344E-002
   33.7008563490035        36.9085417598267        65021995.9805036     
  1.763672131067344E-002
   33.7008616743910        36.9087477390063        65021995.9805036     
  1.763672131067344E-002
   33.7008560369636        36.9089516730844        65021995.9805036     
  1.763672131067344E-002
   33.7008612119249        36.9091535796434        65021995.9805036     
  1.763672131067344E-002
   33.7008557304016        36.9093534752678        65021995.9805036     
  1.763672131067344E-002
   33.7008607604053        36.9095513773317        65021995.9805036     
  1.763672131067344E-002
   33.7008554292103        36.9097473022204        65021995.9805036     
  1.763672131067344E-002
   33.7008603195117        36.9099412672015        65021995.9805036     
  1.763672131067344E-002
   33.7008551333105        36.9101332885531        65021995.9805036     
  1.763672131067344E-002
   33.7008598889352        36.9103233833874        65021995.9805036     
  1.763672131067344E-002
   33.7008548425954        36.9105115677513        65021995.9805036     
  1.763672131067344E-002
   33.7008594683745        36.9106978587283        65021995.9805036     
  1.763672131067344E-002
   33.7008545570191        36.9108822723146        65021995.9805036     
  1.763672131067344E-002
   33.7008590575466        36.9110648252867        65021995.9805036     
  1.763672131067344E-002
   33.7008542764733        36.9112455335096        65021995.9805036     
  1.763672131067344E-002
   33.7008586561746        36.9114244135878        65021995.9805036     
  1.763672131067344E-002
   33.7008540008727        36.9116014812430        65021995.9805036     
  1.763672131067344E-002
   33.7008582639987        36.9117767528687        65021995.9805036     
  1.763672131067344E-002
   33.7008537301319        36.9119502440808        65021995.9805036     
  1.763672131067344E-002
   33.7008578807472        36.9121219711090        65021995.9805036     
  1.763672131067344E-002
   33.7008534641697        36.9122919493490        65021995.9805036     
  1.763672131067344E-002
   33.7008575061773        36.9124601948486        65021995.9805036     
  1.763672131067344E-002
   33.7008532029145        36.9126267229514        65021995.9805036     
  1.763672131067344E-002
   33.7008571400502        36.9127915494277        65021995.9805036     
  1.763672131067344E-002
   33.7008529462621        36.9129546893367        65021995.9805036     
  1.763672131067344E-002
   33.7008567821315        36.9131161583360        65021995.9805036     
  1.763672131067344E-002
   33.7008526941456        36.9132759713206        65021995.9805036     
  1.763672131067344E-002
   33.7008564321786        36.9134341436476        65021995.9805036     
  1.763672131067344E-002
   33.7008524464874        36.9135906901569        65021995.9805036     
  1.763672131067344E-002
   33.7008560900092        36.9137456260977        65021995.9805036     
  1.763672131067344E-002
   33.7008522032186        36.9138989660459        65021995.9805036     
  1.763672131067344E-002
   33.7008557554002        36.9140507250281        65021995.9805036     
  1.763672131067344E-002
   33.7008519642391        36.9142009174052        65021995.9805036     
  1.763672131067344E-002
   33.7008554281453        36.9143495580302        65021995.9805036     
  1.763672131067344E-002
   33.7008517294859        36.9144966611101        65021995.9805036     
  1.763672131067344E-002
   33.7008551080485        36.9146422412554        65021995.9805036     
  1.763672131067344E-002
   33.7008514988757        36.9147863123917        65021995.9805036     
  1.763672131067344E-002
   33.7008547949181        36.9149288890142        65021995.9805036     
  1.763672131067344E-002
   33.7008512723572        36.9150699849427        65021995.9805036     
  1.763672131067344E-002
   33.7008544885730        36.9152096144131        65021995.9805036     
  1.763672131067344E-002
   33.7008510498453        36.9153477910487        65021995.9805036     
  1.763672131067344E-002
   33.7008541888356        36.9154845288707        65021995.9805036     
  1.763672131067344E-002
   33.7008508312884        36.9156198415028        65021995.9805036     
  1.763672131067344E-002
   33.7008538955369        36.9157537425369        65021995.9805036     
  1.763672131067344E-002
   33.7008506165744        36.9158862452183        65021995.9805036     
  1.763672131067344E-002
   33.7008536085068        36.9160173631725        65021995.9805036     
  1.763672131067344E-002
   33.7008504056574        36.9161471094419        65021995.9805036     
  1.763672131067344E-002
   33.7008533275840        36.9162754974286        65021995.9805036     
  1.763672131067344E-002
   33.7008501984698        36.9164025399878        65021995.9805036     
  1.763672131067344E-002
   33.7008530526125        36.9165282502997        65021995.9805036     
  1.763672131067344E-002
   33.7008499949445        36.9166526410399        65021995.9805036     
  1.763672131067344E-002
   33.7008527834408        36.9167757251724        65021995.9805036     
  1.763672131067344E-002
   33.7008497950159        36.9168975151845        65021995.9805036     
  1.763672131067344E-002
   33.7008525199216        36.9170180238384        65021995.9805036     
  1.763672131067344E-002
   33.7008495986076        36.9171372632343        65021995.9805036     
  1.763672131067344E-002
   33.7008522619140        36.9172552460516        65021995.9805036     
  1.763672131067344E-002
   33.7008494056807        36.9173719844527        65021995.9805036     
  1.763672131067344E-002
   33.7008520092798        36.9174874907721        65021995.9805036     
  1.763672131067344E-002
   33.7008492161597        36.9176017769644        65021995.9805036     
  1.763672131067344E-002
   33.7008517618856        36.9177148551443        65021995.9805036     
  1.763672131067344E-002
   33.7008490299831        36.9178267370697        65021995.9805036     
  1.763672131067344E-002
   33.7008515196015        36.9179374346509        65021995.9805036     
  1.763672131067344E-002
   33.7008488470909        36.9180469594510        65021995.9805036     
  1.763672131067344E-002
   33.7008512823019        36.9181553231852        65021995.9805036     
  1.763672131067344E-002
   33.7008486674242        36.9182625372217        65021995.9805036     
  1.763672131067344E-002
   33.7008510498642        36.9183686130843        65021995.9805036     
  1.763672131067344E-002
   33.7008484909244        36.9184735619475        65021995.9805036     
  1.763672131067344E-002
   33.7008508221703        36.9185773951447        65021995.9805036     
  1.763672131067344E-002
   33.7008483175348        36.9186801236593        65021995.9805036     
  1.763672131067344E-002
   33.7008505991048        36.9187817586340        65021995.9805036     
  1.763672131067344E-002
   33.7008481471989        36.9188823108643        65021995.9805036     
  1.763672131067344E-002
   33.7008503805565        36.9189817913026        65021995.9805036     
  1.763672131067344E-002
   33.7008479798612        36.9190802105582        65021995.9805036     
  1.763672131067344E-002
   33.7008501664162        36.9191775794380        65021995.9805036     
  1.763672131067344E-002
   33.7008478154687        36.9192739082754        65021995.9805036     
  1.763672131067344E-002
   33.7008499565806        36.9193692076967        65021995.9805036     
  1.763672131067344E-002
   33.7008476539656        36.9194634879477        65021995.9805036     
  1.763672131067344E-002
   33.7008497509445        36.9195567596144        65021995.9805036     
  1.763672131067344E-002
   33.7008474953025        36.9196490323275        65021995.9805036     
  1.763672131067344E-002
   33.7008495494112        36.9197403167442        65021995.9805036     
  1.763672131067344E-002
   33.7008473394228        36.9198306225207        65021995.9805036     
  1.763672131067344E-002
   33.7008493518866        36.9199199596692        65021995.9805036     
  1.763672131067344E-002
   33.7008471862794        36.9200083379351        65021995.9805036     
  1.763672131067344E-002
   33.7008491582744        36.9200957671366        65021995.9805036     
  1.763672131067344E-002
   33.7008470358227        36.9201822568393        65021995.9805036     
  1.763672131067344E-002
   33.7008489684830        36.9202678166789        65021995.9805036     
  1.763672131067344E-002
   33.7008468880036        36.9203524560473        65021995.9805036     
  1.763672131067344E-002
   33.7008487824244        36.9204361844028        65021995.9805036     
  1.763672131067344E-002
   33.7008467427744        36.9205190109675        65021995.9805036     
  1.763672131067344E-002
   33.7008486000123        36.9206009450250        65021995.9805036     
  1.763672131067344E-002
   33.7008466000879        36.9206819956299        65021995.9805036     
  1.763672131067344E-002
   33.7008484211630        36.9207621718945        65021995.9805036     
  1.763672131067344E-002
   33.7008464598982        36.9208414827067        65021995.9805036     
  1.763672131067344E-002
   33.7008482457950        36.9209199370109        65021995.9805036     
  1.763672131067344E-002
   33.7008463221598        36.9209975435294        65021995.9805036     
  1.763672131067344E-002
   33.7008480738283        36.9210743110047        65021995.9805036     
  1.763672131067344E-002
   33.7008461868291        36.9211502480720        65021995.9805036     
  1.763672131067344E-002
   33.7008479051856        36.9212253632666        65021995.9805036     
  1.763672131067344E-002
   33.7008460538628        36.9212996650680        65021995.9805036     
  1.763672131067344E-002
   33.7008477397960        36.9213731618848        65021995.9805036     
  1.763672131067344E-002
   33.7008459232137        36.9214458619626        65021995.9805036     
  1.763672131067344E-002
   33.7008475775844        36.9215177735883        65021995.9805036     
  1.763672131067344E-002
   33.7008457948425        36.9215889048592        65021995.9805036     
  1.763672131067344E-002
   33.7008474184827        36.9216592638361        65021995.9805036     
  1.763672131067344E-002
   33.7008456687095        36.9217288585040        65021995.9805036     
  1.763672131067344E-002
   33.7008472624130        36.9217976968554        65021995.9805036     
  1.763672131067344E-002
   33.7008455447726        36.9218657866768        65021995.9805036     
  1.763672131067344E-002
   33.7008471093135        36.9219331357965        65021995.9805036     
  1.763672131067344E-002
   33.7008454229918        36.9219997518511        65021995.9805036     
  1.763672131067344E-002
   33.7008469591186        36.9220656425123        65021995.9805036     
  1.763672131067344E-002
   33.7008453033279        36.9221308152727        65021995.9805036     
  1.763672131067344E-002
   33.7008468117645        36.9221952776504        65021995.9805036     
  1.763672131067344E-002
   33.7008451857430        36.9222590369982        65021995.9805036     
  1.763672131067344E-002
   33.7008466671890        36.9223221006829        65021995.9805036     
  1.763672131067344E-002
   33.7008450701991        36.9223844759208        65021995.9805036     
  1.763672131067344E-002
   33.7008465253314        36.9224461699287        65021995.9805036     
  1.763672131067344E-002
   33.7008449566592        36.9225071897894        65021995.9805036     
  1.763672131067344E-002
   33.7008463861318        36.9225675425811        65021995.9805036     
  1.763672131067344E-002
   33.7008448450862        36.9226272352116        65021995.9805036     
  1.763672131067344E-002
   33.7008462495361        36.9226862746622        65021995.9805036     
  1.763672131067344E-002
   33.7008447354454        36.9227446677004        65021995.9805036     
  1.763672131067344E-002
   33.7008461154858        36.9228024211691        65021995.9805036     
  1.763672131067344E-002
   33.7008446277019        36.9228595416985        65021995.9805036     
  1.763672131067344E-002
   33.7008459839265        36.9229160359973        65021995.9805036     
  1.763672131067344E-002
   33.7008445218215        36.9229719105629        65021995.9805036     
  1.763672131067344E-002
   33.7008458548051        36.9230271719720        65021995.9805036     
  1.763672131067344E-002
   33.7008444177702        36.9230818266462        65021995.9805036     
  1.763672131067344E-002
   33.7008457280690        36.9231358809599        65021995.9805036     
  1.763672131067344E-002
   33.7008443155161        36.9231893411863        65021995.9805036     
  1.763672131067344E-002
   33.7008456036683        36.9232422136148        65021995.9805036     
  1.763672131067344E-002
   33.7008442150292        36.9232945043570        65021995.9805036     
  1.763672131067344E-002
   33.7008454815528        36.9233462195971        65021995.9805036     
  1.763672131067344E-002
   33.7008441162716        36.9233973653892        65021995.9805036     
  1.763672131067344E-002
   33.4158834044386        36.9233507072461        65021995.9805036     
  1.763672131067344E-002
   33.1714230314731        36.9233389929276        65021995.9805036     
  1.763672131067344E-002
   32.9472362821835        36.9233552514848        65021995.9805036     
  1.763672131067344E-002
   32.7421886889861        36.9233981240571        65021995.9805036     
  1.763672131067344E-002
   32.5502522980589        36.9234667763325        65021995.9805036     
  1.763672131067344E-002
   32.3713553610920        36.9235598640490        65021995.9805036     
  1.763672131067344E-002
   32.2021933042310        36.9236753892180        65021995.9805036     
  1.763672131067344E-002
   32.0429437677599        36.9238108123896        65021995.9805036     
  1.763672131067344E-002
   31.8913919648997        36.9239632629859        65021995.9805036     
  1.763672131067344E-002
   31.7477995829645        36.9241296707646        65021995.9805036     
  1.763672131067344E-002
   31.6105241975533        36.9243069241129        65021995.9805036     
  1.763672131067344E-002
   31.4798547569640        36.9244919558362        65021995.9805036     
  1.763672131067344E-002
   31.3544996249404        36.9246818361128        65021995.9805036     
  1.763672131067344E-002
   31.2347498337298        36.9248738134839        65021995.9805036     
  1.763672131067344E-002
   31.1195516786600        36.9250653589816        65021995.9805036     
  1.763672131067344E-002
   31.0091861319047        36.9252541795705        65021995.9805036     
  1.763672131067344E-002
   30.9027723936830        36.9254382290039        65021995.9805036     
  1.763672131067344E-002
   30.8005757036253        36.9256157074052        65021995.9805036     
  1.763672131067344E-002
   30.7018470127313        36.9257850487031        65021995.9805036     
  1.763672131067344E-002
   30.6068336111340        36.9259449232245        65021995.9805036     
  1.763672131067344E-002
   30.5148902300236        36.9260942121514        65021995.9805036     
  1.763672131067344E-002
   30.4262458587413        36.9262319929471        65021995.9805036     
  1.763672131067344E-002
   30.3403389555488        36.9263575309493        65021995.9805036     
  1.763672131067344E-002
   30.2573808383860        36.9264702331259        65021995.9805036     
  1.763672131067344E-002
   30.1768787353768        36.9265696933647        65021995.9805036     
  1.763672131067344E-002
   30.0990274020399        36.9266556100145        65021995.9805036     
  1.763672131067344E-002
   30.0233913259400        36.9267278460871        65021995.9805036     
  1.763672131067344E-002
   29.9501500204726        36.9267863282835        65021995.9805036     
  1.763672131067344E-002
   29.8789161881149        36.9268311124027        65021995.9805036     
  1.763672131067344E-002
   29.8098554448421        36.9268623307563        65021995.9805036     
  1.763672131067344E-002
   29.7426214657006        36.9268801883540        65021995.9805036     
  1.763672131067344E-002
   29.6773672803969        36.9268849646583        65021995.9805036     
  1.763672131067344E-002
   29.6137816505279        36.9268769899813        65021995.9805036     
  1.763672131067344E-002
   29.5520062448216        36.9268566523320        65021995.9805036     
  1.763672131067344E-002
   29.4917600745521        36.9268243768103        65021995.9805036     
  1.763672131067344E-002
   29.4331745695843        36.9267806282072        65021995.9805036     
  1.763672131067344E-002
   29.3759949753407        36.9267259002340        65021995.9805036     
  1.763672131067344E-002
   29.3203434995794        36.9266607112857        65021995.9805036     
  1.763672131067344E-002
   29.2659882606247        36.9265856031112        65021995.9805036     
  1.763672131067344E-002
   29.2130431533340        36.9265011371995        65021995.9805036     
  1.763672131067344E-002
   29.1612963367206        36.9264078762220        65021995.9805036     
  1.763672131067344E-002
   29.1108542075598        36.9263063842359        65021995.9805036     
  1.763672131067344E-002
   29.0615225588459        36.9261972543836        65021995.9805036     
  1.763672131067344E-002
   29.0134010124844        36.9260810734405        65021995.9805036     
  1.763672131067344E-002
   28.9663109460424        36.9259584183333        65021995.9805036     
  1.763672131067344E-002
   28.9203458496471        36.9258298645580        65021995.9805036     
  1.763672131067344E-002
   28.8753409251419        36.9256959849486        65021995.9805036     
  1.763672131067344E-002
   28.8313840999196        36.9255573422763        65021995.9805036     
  1.763672131067344E-002
   28.7883228854225        36.9254144946934        65021995.9805036     
  1.763672131067344E-002
   28.7462401532255        36.9252679806019        65021995.9805036     
  1.763672131067344E-002
   28.7049944137382        36.9251183451814        65021995.9805036     
  1.763672131067344E-002
   28.6646639317482        36.9249660954370        65021995.9805036     
  1.763672131067344E-002
   28.6251170776102        36.9248117503189        65021995.9805036     
  1.763672131067344E-002
   28.5864279090142        36.9246557870433        65021995.9805036     
  1.763672131067344E-002
   28.5484736637392        36.9244986947938        65021995.9805036     
  1.763672131067344E-002
   28.5113245476025        36.9243409180051        65021995.9805036     
  1.763672131067344E-002
   28.4748657979387        36.9241829137155        65021995.9805036     
  1.763672131067344E-002
   28.4391640853659        36.9240250951138        65021995.9805036     
  1.763672131067344E-002
   28.4041118846703        36.9238678774150        65021995.9805036     
  1.763672131067344E-002
   28.3697726129062        36.9237116462734        65021995.9805036     
  1.763672131067344E-002
   28.3360453137021        36.9235567743844        65021995.9805036     
  1.763672131067344E-002
   28.3029904037678        36.9234036145207        65021995.9805036     
  1.763672131067344E-002
   28.2705129023092        36.9232525109646        65021995.9805036     
  1.763672131067344E-002
   28.2386704506032        36.9231037806187        65021995.9805036     
  1.763672131067344E-002
   28.2073735213353        36.9229577223666        65021995.9805036     
  1.763672131067344E-002
   28.1766771829490        36.9228146238399        65021995.9805036     
  1.763672131067344E-002
   28.1464968964246        36.9226747522694        65021995.9805036     
  1.763672131067344E-002
   28.1168853399717        36.9225383565207        65021995.9805036     
  1.763672131067344E-002
   28.0877625494771        36.9224056735844        65021995.9805036     
  1.763672131067344E-002
   28.0591789763671        36.9222769170198        65021995.9805036     
  1.763672131067344E-002
   28.0310588627939        36.9221522982028        65021995.9805036     
  1.763672131067344E-002
   28.0034505815301        36.9220319966051        65021995.9805036     
  1.763672131067344E-002
   27.9762822509625        36.9219161905688        65021995.9805036     
  1.763672131067344E-002
   27.9496002992387        36.9218050359952        65021995.9805036     
  1.763672131067344E-002
   27.9233364250508        36.9216986797418        65021995.9805036     
  1.763672131067344E-002
   27.8975352335702        36.9215972501677        65021995.9805036     
  1.763672131067344E-002
   27.8721317377119        36.9215008670877        65021995.9805036     
  1.763672131067344E-002
   27.8471688302961        36.9214096331476        65021995.9805036     
  1.763672131067344E-002
   27.8225845986896        36.9213236429356        65021995.9805036     
  1.763672131067344E-002
   27.7984203242223        36.9212429751599        65021995.9805036     
  1.763672131067344E-002
   27.7746169521026        36.9211677010156        65021995.9805036     
  1.763672131067344E-002
   27.7512142443707        36.9210978770494        65021995.9805036     
  1.763672131067344E-002
   27.7281558079666        36.9210335526130        65021995.9805036     
  1.763672131067344E-002
   27.7054799700677        36.9209747642075        65021995.9805036     
  1.763672131067344E-002
   27.6831328212792        36.9209215419022        65021995.9805036     
  1.763672131067344E-002
   27.6611513316532        36.9208739027225        65021995.9805036     
  1.763672131067344E-002
   27.6394839135517        36.9208318586193        65021995.9805036     
  1.763672131067344E-002
   27.6181662512162        36.9207954096048        65021995.9805036     
  1.763672131067344E-002
   27.5971489310943        36.9207645518066        65021995.9805036     
  1.763672131067344E-002
   27.5764664177768        36.9207392695533        65021995.9805036     
  1.763672131067344E-002
   27.5560713368490        36.9207195438877        65021995.9805036     
  1.763672131067344E-002
   27.5359969942058        36.9207053454163        65021995.9805036     
  1.763672131067344E-002
   27.5161979310932        36.9206966418623        65021995.9805036     
  1.763672131067344E-002
   27.4967063513064        36.9206933915528        65021995.9805036     
  1.763672131067344E-002
   27.4774785984143        36.9206955502520        65021995.9805036     
  1.763672131067344E-002
   27.4585458267189        36.9207030653777        65021995.9805036     
  1.763672131067344E-002
   27.4398660779059        36.9207158820644        65021995.9805036     
  1.763672131067344E-002
   27.4214695057816        36.9207339381198        65021995.9805036     
  1.763672131067344E-002
   27.4033157541456        36.9207571693076        65021995.9805036     
  1.763672131067344E-002
   27.3854340220388        36.9207855050344        65021995.9805036     
  1.763672131067344E-002
   27.3677854667604        36.9208188728340        65021995.9805036     
  1.763672131067344E-002
   27.3503983753455        36.9208571947109        65021995.9805036     
  1.763672131067344E-002
   27.3332353366563        36.9209003911981        65021995.9805036     
  1.763672131067344E-002
   27.3163237658001        36.9209483786769        65021995.9805036     
  1.763672131067344E-002
   27.2996276072492        36.9210010715968        65021995.9805036     
  1.763672131067344E-002
   27.2831734418023        36.9210583805261        65021995.9805036     
  1.763672131067344E-002
   27.2669264991471        36.9211202171587        65021995.9805036     
  1.763672131067344E-002
   27.2509125610051        36.9211864835063        65021995.9805036     
  1.763672131067344E-002
   27.2350980767815        36.9212570886648        65021995.9805036     
  1.763672131067344E-002
   27.2195080625568        36.9213319311103        65021995.9805036     
  1.763672131067344E-002
   27.2041101263846        36.9214109168853        65021995.9805036     
  1.763672131067344E-002
   27.1889285501558        36.9214939438122        65021995.9805036     
  1.763672131067344E-002
   27.1739320435834        36.9215809113708        65021995.9805036     
  1.763672131067344E-002
   27.1591441840504        36.9216717165684        65021995.9805036     
  1.763672131067344E-002
   27.1445347298823        36.9217662571639        65021995.9805036     
  1.763672131067344E-002
   27.1301265819849        36.9218644287457        65021995.9805036     
  1.763672131067344E-002
   27.1158904975526        36.9219661277145        65021995.9805036     
  1.763672131067344E-002
   27.1018487276225        36.9220712487359        65021995.9805036     
  1.763672131067344E-002
   27.0879729816643        36.9221796873623        65021995.9805036     
  1.763672131067344E-002
   27.0742848860797        36.9222913378144        65021995.9805036     
  1.763672131067344E-002
   27.0607570589874        36.9224060929922        65021995.9805036     
  1.763672131067344E-002
   27.0474105259289        36.9225238523031        65021995.9805036     
  1.763672131067344E-002
   27.0342187726217        36.9226445051606        65021995.9805036     
  1.763672131067344E-002
   27.0212022466989        36.9227679524132        65021995.9805036     
  1.763672131067344E-002
   27.0083352627969        36.9228940836625        65021995.9805036     
  1.763672131067344E-002
   26.9956377123040        36.9230227980537        65021995.9805036     
  1.763672131067344E-002
   26.9830847023337        36.9231539914899        65021995.9805036     
  1.763672131067344E-002
   26.9706955886872        36.9232875604019        65021995.9805036     
  1.763672131067344E-002
   26.9584462367264        36.9234234026881        65021995.9805036     
  1.763672131067344E-002
   26.9463554863068        36.9235614161608        65021995.9805036     
  1.763672131067344E-002
   26.9343999286917        36.9237015002068        65021995.9805036     
  1.763672131067344E-002
   26.9225979065159        36.9238435559877        65021995.9805036     
  1.763672131067344E-002
   26.9109267063860        36.9239874825721        65021995.9805036     
  1.763672131067344E-002
   26.8994041917548        36.9241331815244        65021995.9805036     
  1.763672131067344E-002
   26.8880083155796        36.9242805557873        65021995.9805036     
  1.763672131067344E-002
   26.8767564791673        36.9244295087974        65021995.9805036     
  1.763672131067344E-002
   26.8656272745042        36.9245799439274        65021995.9805036     
  1.763672131067344E-002
   26.8546376571649        36.9247317682054        65021995.9805036     
  1.763672131067344E-002
   26.8437668322484        36.9248848892943        65021995.9805036     
  1.763672131067344E-002
   26.8330313251973        36.9250392146734        65021995.9805036     
  1.763672131067344E-002
   26.8224109297161        36.9251946543497        65021995.9805036     
  1.763672131067344E-002
   26.8119217559741        36.9253511183352        65021995.9805036     
  1.763672131067344E-002
   26.8015441629338        36.9255085189911        65021995.9805036     
  1.763672131067344E-002
   26.7912938600015        36.9256667689992        65021995.9805036     
  1.763672131067344E-002
   26.7811517491677        36.9258257832109        65021995.9805036     
  1.763672131067344E-002
   26.7711331528923        36.9259854767888        65021995.9805036     
  1.763672131067344E-002
   26.7612194949971        36.9261457677758        65021995.9805036     
  1.763672131067344E-002
   26.7514257241663        36.9263065735040        65021995.9805036     
  1.763672131067344E-002
   26.7417337661461        36.9264678149343        65021995.9805036     
  1.763672131067344E-002
   26.7321582084429        36.9266294121131        65021995.9805036     
  1.763672131067344E-002
   26.7226814596438        36.9267912887991        65021995.9805036     
  1.763672131067344E-002
   26.7133177582171        36.9269533677992        65021995.9805036     
  1.763672131067344E-002
   26.7040499774914        36.9271155771499        65021995.9805036     
  1.763672131067344E-002
   26.6948920183926        36.9272778396821        65021995.9805036     
  1.763672131067344E-002
   26.6858272016406        36.9274400863962        65021995.9805036     
  1.763672131067344E-002
   26.6768691021008        36.9276022467193        65021995.9805036     
  1.763672131067344E-002
   26.6680014711486        36.9277642497935        65021995.9805036     
  1.763672131067344E-002
   26.6592375682915        36.9279260294886        65021995.9805036     
  1.763672131067344E-002
   26.6505615599255        36.9280875169999        65021995.9805036     
  1.763672131067344E-002
   26.6419864004742        36.9282486504752        65021995.9805036     
  1.763672131067344E-002
   26.6334966563700        36.9284093641279        65021995.9805036     
  1.763672131067344E-002
   26.6251049868042        36.9285695964810        65021995.9805036     
  1.763672131067344E-002
   26.6167963439085        36.9287292874333        65021995.9805036     
  1.763672131067344E-002
   26.6085831012414        36.9288883765702        65021995.9805036     
  1.763672131067344E-002
   26.6004505827867        36.9290468089986        65021995.9805036     
  1.763672131067344E-002
   26.5924108856953        36.9292045250422        65021995.9805036     
  1.763672131067344E-002
   26.5844496925452        36.9293614695086        65021995.9805036     
  1.763672131067344E-002
   26.5765788330492        36.9295175879763        65021995.9805036     
  1.763672131067344E-002
   26.5687843363052        36.9296728295924        65021995.9805036     
  1.763672131067344E-002
   26.5610777723455        36.9298271388646        65021995.9805036     
  1.763672131067344E-002
   26.5534455044434        36.9299804709489        65021995.9805036     
  1.763672131067344E-002
   26.5458988522667        36.9301327727488        65021995.9805036     
  1.763672131067344E-002
   26.5384245010955        36.9302839997404        65021995.9805036     
  1.763672131067344E-002
   26.5310335277171        36.9304341037574        65021995.9805036     
  1.763672131067344E-002
   26.5237129291866        36.9305830411727        65021995.9805036     
  1.763672131067344E-002
   26.5164735467971        36.9307307657568        65021995.9805036     
  1.763672131067344E-002
   26.5093026786610        36.9308772370973        65021995.9805036     
  1.763672131067344E-002
   26.5022109379611        36.9310224136521        65021995.9805036     
  1.763672131067344E-002
   26.4951859136138        36.9311662584221        65021995.9805036     
  1.763672131067344E-002
   26.4882379978547        36.9313087286873        65021995.9805036     
  1.763672131067344E-002
   26.4813550602455        36.9314497881773        65021995.9805036     
  1.763672131067344E-002
   26.4745472795207        36.9315893986644        65021995.9805036     
  1.763672131067344E-002
   26.4678027966124        36.9317275269739        65021995.9805036     
  1.763672131067344E-002
   26.4611315824776        36.9318641375664        65021995.9805036     
  1.763672131067344E-002
   26.4545220410801        36.9319991950082        65021995.9805036     
  1.763672131067344E-002
   26.4479839420947        36.9321326695386        65021995.9805036     
  1.763672131067344E-002
   26.4415059435245        36.9322645292228        65021995.9805036     
  1.763672131067344E-002
   26.4350976199021        36.9323947448121        65021995.9805036     
  1.763672131067344E-002
   26.4287478755026        36.9325232874898        65021995.9805036     
  1.763672131067344E-002
   26.4224660951517        36.9326501293853        65021995.9805036     
  1.763672131067344E-002
   26.4162414203909        36.9327752417103        65021995.9805036     
  1.763672131067344E-002
   26.4100830531062        36.9328985999359        65021995.9805036     
  1.763672131067344E-002
   26.4039803650958        36.9330201754567        65021995.9805036     
  1.763672131067344E-002
   26.3979423800195        36.9331399498755        65021995.9805036     
  1.763672131067344E-002
   26.3919586926623        36.9332578938320        65021995.9805036     
  1.763672131067344E-002
   26.3860381540551        36.9333739895708        65021995.9805036     
  1.763672131067344E-002
   26.3801705744852        36.9334882144052        65021995.9805036     
  1.763672131067344E-002
   26.3743646373150        36.9336005473373        65021995.9805036     
  1.763672131067344E-002
   26.3686103619509        36.9337109692868        65021995.9805036     
  1.763672131067344E-002
   26.3629162690609        36.9338194611634        65021995.9805036     
  1.763672131067344E-002
   26.3572725801847        36.9339260039837        65021995.9805036     
  1.763672131067344E-002
   26.3516876586631        36.9340305850080        65021995.9805036     
  1.763672131067344E-002
   26.3461519218686        36.9341331833689        65021995.9805036     
  1.763672131067344E-002
   26.3406735795105        36.9342337868906        65021995.9805036     
  1.763672131067344E-002
   26.3352432396579        36.9343323804442        65021995.9805036     
  1.763672131067344E-002
   26.3298689628118        36.9344289502290        65021995.9805036     
  1.763672131067344E-002
   26.3245415412828        36.9345234830817        65021995.9805036     
  1.763672131067344E-002
   26.3192688909972        36.9346159669126        65021995.9805036     
  1.763672131067344E-002
   26.3140419828618        36.9347063902164        65021995.9805036     
  1.763672131067344E-002
   26.3088685923937        36.9347947424238        65021995.9805036     
  1.763672131067344E-002
   26.3037398636723        36.9348810135113        65021995.9805036     
  1.763672131067344E-002
   26.2986634358243        36.9349651943234        65021995.9805036     
  1.763672131067344E-002
   26.2936306201345        36.9350472765348        65021995.9805036     
  1.763672131067344E-002
   26.2886489247460        36.9351272529282        65021995.9805036     
  1.763672131067344E-002
   26.2837098230316        36.9352051148825        65021995.9805036     
  1.763672131067344E-002
   26.2788206937048        36.9352808569200        65021995.9805036     
  1.763672131067344E-002
   26.2739731696854        36.9353544727030        65021995.9805036     
  1.763672131067344E-002
   26.2691745037546        36.9354259564367        65021995.9805036     
  1.763672131067344E-002
   26.2644164822411        36.9354953033364        65021995.9805036     
  1.763672131067344E-002
   26.2597062362910        36.9355625090778        65021995.9805036     
  1.763672131067344E-002
   26.2550357010942        36.9356275701190        65021995.9805036     
  1.763672131067344E-002
   26.2504118895702        36.9356904833963        65021995.9805036     
  1.763672131067344E-002
   26.2458268814058        36.9357512464660        65021995.9805036     
  1.763672131067344E-002
   26.2412875745828        36.9358098574111        65021995.9805036     
  1.763672131067344E-002
   26.2367861890736        36.9358663148110        65021995.9805036     
  1.763672131067344E-002
   26.2323295111035        36.9359206178278        65021995.9805036     
  1.763672131067344E-002
   26.2279098968665        36.9359727660137        65021995.9805036     
  1.763672131067344E-002
   26.2235340239084        36.9360227595571        65021995.9805036     
  1.763672131067344E-002
   26.2191943807222        36.9360705989402        65021995.9805036     
  1.763672131067344E-002
   26.2148975391507        36.9361162853301        65021995.9805036     
  1.763672131067344E-002
   26.2106361161869        36.9361598179311        65021995.9805036     
  1.763672131067344E-002
   26.2064165808928        36.9362012017792        65021995.9805036     
  1.763672131067344E-002
   26.2022316750721        36.9362404384498        65021995.9805036     
  1.763672131067344E-002
   26.1980877677764        36.9362775309759        65021995.9805036     
  1.763672131067344E-002
   26.1939777221174        36.9363124820295        65021995.9805036     
  1.763672131067344E-002
   26.1899078098187        36.9363452956423        65021995.9805036     
  1.763672131067344E-002
   26.1858710118929        36.9363759753727        65021995.9805036     
  1.763672131067344E-002
   26.1818735053485        36.9364045260953        65021995.9805036     
  1.763672131067344E-002
   26.1779083858024        36.9364309521428        65021995.9805036     
  1.763672131067344E-002
   26.1739817380786        36.9364552591490        65021995.9805036     
  1.763672131067344E-002
   26.1700867692105        36.9364774521605        65021995.9805036     
  1.763672131067344E-002
   26.1662294742886        36.9364975375190        65021995.9805036     
  1.763672131067344E-002
   26.1624031686814        36.9365155209440        65021995.9805036     
  1.763672131067344E-002
   26.1586137601185        36.9365314094449        65021995.9805036     
  1.763672131067344E-002
   26.1548546693248        36.9365452093782        65021995.9805036     
  1.763672131067344E-002
   26.1511317189679        36.9365569283847        65021995.9805036     
  1.763672131067344E-002
   26.1474384322482        36.9365665734241        65021995.9805036     
  1.763672131067344E-002
   26.1437805494721        36.9365741533559        65021995.9805036     
  1.763672131067344E-002
   26.1401516929724        36.9365796754382        65021995.9805036     
  1.763672131067344E-002
   26.1365575220480        36.9365831482452        65021995.9805036     
  1.763672131067344E-002
   26.1329917564397        36.9365845797499        65021995.9805036     
  1.763672131067344E-002
   26.1294599768731        36.9365839791812        65021995.9805036     
  1.763672131067344E-002
   26.1259559974506        36.9365813551280        65021995.9805036     
  1.763672131067344E-002
   26.1224853223666        36.9365767173699        65021995.9805036     
  1.763672131067344E-002
   26.1190418575572        36.9365700750118        65021995.9805036     
  1.763672131067344E-002
   26.1156310326519        36.9365614383117        65021995.9805036     
  1.763672131067344E-002
   26.1122468429782        36.9365508168355        65021995.9805036     
  1.763672131067344E-002
   26.1088946455045        36.9365382212769        65021995.9805036     
  1.763672131067344E-002
   26.1055685225868        36.9365236616268        65021995.9805036     
  1.763672131067344E-002
   26.1022737603772        36.9365071489835        65021995.9805036     
  1.763672131067344E-002
   26.0990045259732        36.9364886937335        65021995.9805036     
  1.763672131067344E-002
   26.0957660364991        36.9364683073525        65021995.9805036     
  1.763672131067344E-002
   26.0925525415791        36.9364460005959        65021995.9805036     
  1.763672131067344E-002
   26.0893691910446        36.9364217852910        65021995.9805036     
  1.763672131067344E-002
   26.0862103149020        36.9363956725363        65021995.9805036     
  1.763672131067344E-002
   26.0830809973218        36.9363676754999        65021995.9805036     
  1.763672131067344E-002
   26.0799756466394        36.9363378046118        65021995.9805036     
  1.763672131067344E-002
   26.0768992831158        36.9363060722512        65021995.9805036     
  1.763672131067344E-002
   26.0738463913368        36.9362724902048        65021995.9805036     
  1.763672131067344E-002
   26.0708219291681        36.9362370711149        65021995.9805036     
  1.763672131067344E-002
   26.0678204555377        36.9361998270535        65021995.9805036     
  1.763672131067344E-002
   26.0648468674533        36.9361607709244        65021995.9805036     
  1.763672131067344E-002
   26.0618957962943        36.9361199150538        65021995.9805036     
  1.763672131067344E-002
   26.0589720796993        36.9360772725822        65021995.9805036     
  1.763672131067344E-002
   26.0560704196701        36.9360328560657        65021995.9805036     
  1.763672131067344E-002
   26.0531955959203        36.9359866788600        65021995.9805036     
  1.763672131067344E-002
   26.0503423793003        36.9359387537292        65021995.9805036     
  1.763672131067344E-002
   26.0475154930009        36.9358890942242        65021995.9805036     
  1.763672131067344E-002
   26.0447097750031        36.9358377132974        65021995.9805036     
  1.763672131067344E-002
   26.0419298933344        36.9357846246758        65021995.9805036     
  1.763672131067344E-002
   26.0391707518638        36.9357298406525        65021995.9805036     
  1.763672131067344E-002
   26.0364369643248        36.9356733756400        65021995.9805036     
  1.763672131067344E-002
   26.0337234980302        36.9356152433598        65021995.9805036     
  1.763672131067344E-002
   26.0310349145722        36.9355554574901        65021995.9805036     
  1.763672131067344E-002
   26.0283662435743        36.9354940318356        65021995.9805036     
  1.763672131067344E-002
   26.0257219952889        36.9354309801717        65021995.9805036     
  1.763672131067344E-002
   26.0230972601218        36.9353663164078        65021995.9805036     
  1.763672131067344E-002
   26.0204964981978        36.9353000544179        65021995.9805036     
  1.763672131067344E-002
   26.0179148592300        36.9352322082095        65021995.9805036     
  1.763672131067344E-002
   26.0153567543890        36.9351627917464        65021995.9805036     
  1.763672131067344E-002
   26.0128173912655        36.9350918191212        65021995.9805036     
  1.763672131067344E-002
   26.0103011332563        36.9350193050384        65021995.9805036     
  1.763672131067344E-002
   26.0078032444377        36.9349452628772        65021995.9805036     
  1.763672131067344E-002
   26.0053280413765        36.9348697067439        65021995.9805036     
  1.763672131067344E-002
   26.0028708433916        36.9347926510343        65021995.9805036     
  1.763672131067344E-002
   26.0004359214004        36.9347141098143        65021995.9805036     
  1.763672131067344E-002
   25.9980186485640        36.9346340974759        65021995.9805036     
  1.763672131067344E-002
   25.9956232512044        36.9345526280966        65021995.9805036     
  1.763672131067344E-002
   25.9932451546178        36.9344697157975        65021995.9805036     
  1.763672131067344E-002
   25.9908885420250        36.9343853748662        65021995.9805036     
  1.763672131067344E-002
   25.9885488904620        36.9342996196919        65021995.9805036     
  1.763672131067344E-002
   25.9862303401202        36.9342124646057        65021995.9805036     
  1.763672131067344E-002
   25.9839284180090        36.9341239240953        65021995.9805036     
  1.763672131067344E-002
   25.9816472228534        36.9340340120403        65021995.9805036     
  1.763672131067344E-002
   25.9793823308495        36.9339427427849        65021995.9805036     
  1.763672131067344E-002
   25.9771377999137        36.9338501309526        65021995.9805036     
  1.763672131067344E-002
   25.9749092539347        36.9337561901987        65021995.9805036     
  1.763672131067344E-002
   25.9727007113047        36.9336609354471        65021995.9805036     
  1.763672131067344E-002
   25.9705078425580        36.9335643802476        65021995.9805036     
  1.763672131067344E-002
   25.9683346267432        36.9334665390205        65021995.9805036     
  1.763672131067344E-002
   25.9661767804400        36.9333674261949        65021995.9805036     
  1.763672131067344E-002
   25.9640382446054        36.9332670565666        65021995.9805036     
  1.763672131067344E-002
   25.9619147805385        36.9331654433388        65021995.9805036     
  1.763672131067344E-002
   25.9598102918605        36.9330626006790        65021995.9805036     
  1.763672131067344E-002
   25.9577205836187        36.9329585429421        65021995.9805036     
  1.763672131067344E-002
   25.9556495230034        36.9328532842561        65021995.9805036     
  1.763672131067344E-002
   25.9535929577685        36.9327468385998        65021995.9805036     
  1.763672131067344E-002
   25.9515547195140        36.9326392201049        65021995.9805036     
  1.763672131067344E-002
   25.9495306976641        36.9325304425222        65021995.9805036     
  1.763672131067344E-002
   25.9475246889231        36.9324205199635        65021995.9805036     
  1.763672131067344E-002
   25.9455326235771        36.9323094663477        65021995.9805036     
  1.763672131067344E-002
   25.9435582641942        36.9321972955799        65021995.9805036     
  1.763672131067344E-002
   25.9415975809817        36.9320840212078        65021995.9805036     
  1.763672131067344E-002
   25.9396543030391        36.9319696571771        65021995.9805036     
  1.763672131067344E-002
   25.9377244397047        36.9318542172186        65021995.9805036     
  1.763672131067344E-002
   25.9358116873257        36.9317377150817        65021995.9805036     
  1.763672131067344E-002
   25.9339120936081        36.9316201648057        65021995.9805036     
  1.763672131067344E-002
   25.9320293226985        36.9315015792069        65021995.9805036     
  1.763672131067344E-002
   25.9301594596617        36.9313819722006        65021995.9805036     
  1.763672131067344E-002
   25.9283061373369        36.9312613570379        65021995.9805036     
  1.763672131067344E-002
   25.9264654774316        36.9311397474399        65021995.9805036     
  1.763672131067344E-002
   25.9246410820186        36.9310171565118        65021995.9805036     
  1.763672131067344E-002
   25.9228291086756        36.9308935978422        65021995.9805036     
  1.763672131067344E-002
   25.9210331293393        36.9307690846968        65021995.9805036     
  1.763672131067344E-002
   25.9192493367300        36.9306436302129        65021995.9805036     
  1.763672131067344E-002
   25.9174812731873        36.9305172472044        65021995.9805036     
  1.763672131067344E-002
   25.9157251658540        36.9303899491867        65021995.9805036     
  1.763672131067344E-002
   25.9139845281331        36.9302617488159        65021995.9805036     
  1.763672131067344E-002
   25.9122556208409        36.9301326594505        65021995.9805036     
  1.763672131067344E-002
   25.9105419288647        36.9300026934342        65021995.9805036     
  1.763672131067344E-002
   25.9088397463140        36.9298718642665        65021995.9805036     
  1.763672131067344E-002
   25.9071525301304        36.9297401841047        65021995.9805036     
  1.763672131067344E-002
   25.9054766065686        36.9296076659811        65021995.9805036     
  1.763672131067344E-002
   25.9038154056210        36.9294743224710        65021995.9805036     
  1.763672131067344E-002
   25.9021652850384        36.9293401662941        65021995.9805036     
  1.763672131067344E-002
   25.9005296481011        36.9292052098609        65021995.9805036     
  1.763672131067344E-002
   25.8989048835688        36.9290694657227        65021995.9805036     
  1.763672131067344E-002
   25.8972943685239        36.9289329461549        65021995.9805036     
  1.763672131067344E-002
   25.8956945221170        36.9287956635558        65021995.9805036     
  1.763672131067344E-002
   25.8941086957351        36.9286576300697        65021995.9805036     
  1.763672131067344E-002
   25.8925333383172        36.9285188579443        65021995.9805036     
  1.763672131067344E-002
   25.8909717760449        36.9283793591910        65021995.9805036     
  1.763672131067344E-002
   25.8894204870587        36.9282391459054        65021995.9805036     
  1.763672131067344E-002
   25.8878827728121        36.9280982299626        65021995.9805036     
  1.763672131067344E-002
   25.8863551400755        36.9279566233046        65021995.9805036     
  1.763672131067344E-002
   25.8848408660598        36.9278143375708        65021995.9805036     
  1.763672131067344E-002
   25.8833364855764        36.9276713847609        65021995.9805036     
  1.763672131067344E-002
   25.8818452520189        36.9275277764454        65021995.9805036     
  1.763672131067344E-002
   25.8803637277627        36.9273835240641        65021995.9805036     
  1.763672131067344E-002
