   20.0000000000001        31.6856917413435       1.782760109385855E-002
   20.0000000000001        31.6856917413435       1.782760107522301E-002
   20.6917741922197        31.7113939293376       1.782760107522301E-002
   21.1365430265466        31.7366931910078       1.782760107547984E-002
   21.5271985708311        31.7616659121881       1.782760107575650E-002
   21.8519755048464        31.7863432644909       1.782760107604479E-002
   22.1481184735151        31.8107499544484       1.782760107633186E-002
   22.4105642225838        31.8349027288907       1.782760107662005E-002
   22.6545745770716        31.8588155702668       1.782760107690392E-002
   22.8773557213520        31.8824994012945       1.782760107718562E-002
