  6.4000000000000028E+01
  6.3999999980506097E+01
  6.4000002537601731E+01
  6.3999999909503110E+01
  6.3999997948352942E+01
  6.4000005096360269E+01
  6.4003481192769371E+01
  6.4178674502672635E+01
  6.5183611845032857E+01
  6.6657228866452130E+01
  6.8053500643998063E+01
  6.9340813271196851E+01
  7.0556019067606911E+01
  7.1645103434707138E+01
  7.2662645183379837E+01
  7.3603185740738439E+01
  7.4415434940456848E+01
  7.5186741702368536E+01
  7.5876916929096879E+01
  7.6483762296988004E+01
  7.7092010207206286E+01
  7.7598807899008676E+01
  7.8002164091611647E+01
  7.8375027679071366E+01
  7.8620160040089473E+01
  7.8768932936497421E+01
  7.8891243958394199E+01
  7.8890155135418439E+01
  7.8798228413018563E+01
  7.8681813711153453E+01
  7.8454744971553808E+01
  7.8139123849602342E+01
  7.7802325068266214E+01
  7.7375098765651003E+01
  7.6856579915884609E+01
  7.6313127493047020E+01
  7.5702299957586987E+01
  7.5001362395423797E+01
  7.4270474872665730E+01
  7.3497370833610759E+01
  7.2648119186579805E+01
  7.1762591625138228E+01
  7.0851680242279897E+01
  6.9892501519950756E+01
  6.8896321377967467E+01
  6.7894461760390897E+01
  6.7045280015191906E+01
  6.6485634371496417E+01
  6.6011593691203828E+01
  6.5599857919038058E+01
  6.5376639358518162E+01
  6.5239190623217468E+01
  6.5105057175372238E+01
  6.4969926488579915E+01
  6.4836136076668552E+01
  6.4704135849788400E+01
  6.4575525933512523E+01
  6.4455322735526153E+01
  6.4353845950516103E+01
  6.4276833155170706E+01
  6.4218777721581063E+01
  6.4175792917005452E+01
  6.4146855560893613E+01
  6.4127310789077526E+01
  6.4112099504287812E+01
  6.4098024028038722E+01
  6.4083957135912470E+01
  6.4070202250618038E+01
  6.4057193916009751E+01
  6.4045414409578626E+01
  6.4035471402899418E+01
  6.4027675204889107E+01
  6.4021841526194564E+01
  6.4017624783016942E+01
  6.4014669401726906E+01
  6.4012578432049210E+01
  6.4010966959905417E+01
  6.4009540377707438E+01
  6.4008160187700980E+01
  6.4006818261650437E+01
  6.4005557346007109E+01
  6.4004430054852932E+01
  6.4003479881490776E+01
  6.4002725848013284E+01
  6.4002157390376340E+01
  6.4001744627430924E+01
  6.4001450244851455E+01
  6.4001236694554393E+01
  6.4001070615517648E+01
  6.4000926593988211E+01
  6.4000790901082922E+01
  6.4000660811789444E+01
  6.4000539444457388E+01
  6.4000431474931602E+01
  6.4000340519735772E+01
  6.4000267952920026E+01
  6.4000212788438560E+01
  6.4000172324182358E+01
  6.4000143082896258E+01
  6.4000121524113524E+01
  6.4000104605067122E+01
