  3.7000000000000000E+01
  3.6999874145941291E+01
  3.6999748516210452E+01
  3.6999622738286895E+01
  3.6999496974097930E+01
  3.6999371382945561E+01
  3.6999245758776510E+01
  3.6999120077305946E+01
  3.6998994464185664E+01
  3.6998868847269939E+01
  3.6998743082382092E+01
  3.6998625047658173E+01
  3.6998508516709926E+01
  3.6998395521143081E+01
  3.6998288748071808E+01
  3.6998190520311262E+01
  3.6998102253243871E+01
  3.6998024196159626E+01
  3.6997955618694327E+01
  3.6997895136174748E+01
  3.6997854598494989E+01
  3.6997815270332552E+01
  3.6997775976814822E+01
  3.6997735899009029E+01
  3.6997694682989902E+01
  3.6997652315232401E+01
  3.6997609156202678E+01
  3.6997565819589823E+01
  3.6997523082878551E+01
  3.6997481774961528E+01
  3.6997444322710813E+01
  3.6997406573421699E+01
  3.6997368777509173E+01
  3.6997330845362733E+01
  3.6997292570649861E+01
  3.6997253612989191E+01
  3.6997213590204780E+01
  3.6997172077768340E+01
  3.6997128650523152E+01
  3.6997082886968428E+01
  3.6997026100909842E+01
  3.6996965744758519E+01
  3.6996901700275316E+01
  3.6996833726635082E+01
  3.6996761630939680E+01
  3.6996685214798106E+01
  3.6996604291523695E+01
  3.6996518682185503E+01
  3.6996428210264490E+01
  3.6996332712346081E+01
  3.6996219843449836E+01
  3.6996106269442883E+01
  3.6995991936433356E+01
  3.6995876859002259E+01
  3.6995761031654723E+01
  3.6995644444737358E+01
  3.6995527090377976E+01
  3.6995408962759129E+01
  3.6995290056887420E+01
  3.6995170366392237E+01
  3.6995047680721790E+01
  3.6994924925471132E+01
  3.6994802084881883E+01
  3.6994679150440383E+01
  3.6994556117516190E+01
  3.6994432983349832E+01
  3.6994309745796862E+01
  3.6994186402232465E+01
  3.6994062949607859E+01
  3.6993939382892705E+01
  3.6993815340006741E+01
  3.6993691313347398E+01
  3.6993567300425354E+01
  3.6993443298939084E+01
  3.6993319306708123E+01
  3.6993195321611552E+01
  3.6993071341529863E+01
  3.6992947364288568E+01
  3.6992823387601959E+01
  3.6992699409015728E+01
  3.6992575367940240E+01
  3.6992451354443070E+01
  3.6992327368010436E+01
  3.6992203408130138E+01
  3.6992079474289724E+01
  3.6991955565974799E+01
  3.6991831682666884E+01
  3.6991707823841409E+01
  3.6991583988967378E+01
  3.6991460177505083E+01
  3.6991336379737078E+01
  3.6991212612305496E+01
  3.6991088875136732E+01
  3.6990965168165552E+01
  3.6990841491339843E+01
  3.6990717844623290E+01
  3.6990594228328142E+01
  3.6990470641734049E+01
  3.6990347084164789E+01
  3.6990223557399716E+01
  3.6990100060081552E+01
  3.6989986038660703E+01
  3.6989867889341383E+01
  3.6989750188135680E+01
  3.6989640984567608E+01
  3.6989534979195135E+01
  3.6989429806316878E+01
  3.6989329518417897E+01
  3.6989234612077126E+01
  3.6989142806305345E+01
  3.6989062859449305E+01
  3.6989000468119329E+01
  3.6988970525169719E+01
  3.6988989024792730E+01
  3.6989065275236108E+01
  3.6989198736161825E+01
  3.6989380217744042E+01
  3.6989595533404938E+01
  3.6989829346535572E+01
  3.6990067833730272E+01
  3.6990313574355930E+01
  3.6990531026422090E+01
  3.6990721536993640E+01
  3.6990888525902527E+01
  3.6991037085011307E+01
  3.6991173359005543E+01
  3.6991304189233183E+01
  3.6991436517308678E+01
  3.6991576826328370E+01
  3.6991730551559236E+01
  3.6991903272108644E+01
  3.6992082190634868E+01
  3.6992265633447161E+01
  3.6992450668650257E+01
  3.6992633933797521E+01
  3.6992812000939480E+01
  3.6992981702428899E+01
  3.6993140277255861E+01
  3.6993285473023427E+01
  3.6993415544321714E+01
  3.6993520984724924E+01
  3.6993607789479093E+01
  3.6993676109434148E+01
  3.6993725890495803E+01
  3.6993757255616281E+01
  3.6993770327614875E+01
  3.6993765247065852E+01
  3.6993742122263939E+01
  3.6993701004857456E+01
  3.6993641879230147E+01
  3.6993552518535651E+01
  3.6993460428561470E+01
  3.6993365583778669E+01
  3.6993268020572870E+01
  3.6993167753055658E+01
  3.6993064788926326E+01
  3.6992959135449702E+01
  3.6992850799877267E+01
  3.6992739788425446E+01
  3.6992626104390794E+01
  3.6992507557157559E+01
  3.6992388634542081E+01
  3.6992269324603754E+01
  3.6992149621876969E+01
  3.6992029524197761E+01
  3.6991909030820644E+01
  3.6991788141252393E+01
  3.6991666854221016E+01
  3.6991545167773850E+01
  3.6991423077757069E+01
  3.6991300224576200E+01
  3.6991177339983231E+01
  3.6991054421598200E+01
  3.6990931467220499E+01
  3.6990808474762666E+01
  3.6990685442189331E+01
  3.6990562367459511E+01
  3.6990439248470551E+01
  3.6990316083002256E+01
  3.6990192868659754E+01
  3.6990069545201763E+01
  3.6989946241682539E+01
  3.6989822957596417E+01
  3.6989699692439167E+01
  3.6989576445706220E+01
  3.6989453216890929E+01
  3.6989330005482465E+01
  3.6989206810963807E+01
  3.6989083632811436E+01
  3.6988960470494561E+01
  3.6988837314393628E+01
  3.6988714187426865E+01
  3.6988591089535653E+01
  3.6988468020676237E+01
  3.6988344980826959E+01
  3.6988221969993504E+01
  3.6988098988564161E+01
  3.6987976035837654E+01
  3.6987853110327684E+01
  3.6987730215335233E+01
  3.6987607349509943E+01
  3.6987500364877221E+01
  3.6987396051347744E+01
  3.6987299361189855E+01
  3.6987218493848751E+01
  3.6987148201841251E+01
  3.6987086142969169E+01
  3.6987036351390401E+01
  3.6986999269402084E+01
  3.6986972525021848E+01
  3.6986957187933506E+01
  3.6986982519346356E+01
  3.6987053931774675E+01
  3.6987185323420384E+01
  3.6987383619659063E+01
  3.6987645711607676E+01
  3.6987959693517553E+01
  3.6988308675166721E+01
  3.6988674745940052E+01
  3.6989041788680147E+01
  3.6989397079296126E+01
  3.6989725468231619E+01
  3.6990015294750549E+01
  3.6990270909060825E+01
  3.6990498220660186E+01
  3.6990704247413682E+01
  3.6990896585294635E+01
  3.6991082932031524E+01
  3.6991270494005981E+01
  3.6991465415806246E+01
  3.6991672336434256E+01
  3.6991881229374627E+01
  3.6992089597919104E+01
  3.6992295489302698E+01
  3.6992496220811098E+01
  3.6992688983736819E+01
  3.6992871071157516E+01
  3.6993040121061235E+01
  3.6993194188142823E+01
  3.6993331789091791E+01
  3.6993451854389285E+01
  3.6993544225973373E+01
  3.6993617209209759E+01
  3.6993670935404808E+01
  3.6993705606372508E+01
  3.6993721426640469E+01
  3.6993718596036224E+01
  3.6993697267669035E+01
  3.6993657534351264E+01
  3.6993599408097310E+01
  3.6993522813955138E+01
  3.6993431243019401E+01
  3.6993336887117927E+01
  3.6993239761065063E+01
  3.6993139879269997E+01
  3.6993037250615558E+01
  3.6992931883175785E+01
  3.6992823784854529E+01
  3.6992712962458889E+01
  3.6992599419816443E+01
  3.6992483153337893E+01
  3.6992364314038198E+01
  3.6992245080399762E+01
  3.6992125446891457E+01
  3.6992005411321685E+01
  3.6991884972939516E+01
  3.6991764131258620E+01
  3.6991642885020021E+01
  3.6991521232286210E+01
  3.6991399168918186E+01
  3.6991276688000866E+01
  3.6991153821569668E+01
  3.6991030920210470E+01
  3.6990907981723637E+01
  3.6990785004022726E+01
  3.6990661985073395E+01
  3.6990538922835668E+01
  3.6990415815207896E+01
  3.6990292659970819E+01
  3.6990169454730491E+01
  3.6990046196859417E+01
  3.6989922901114909E+01
  3.6989799624622719E+01
  3.6989676366878754E+01
  3.6989553127378578E+01
  3.6989429905615665E+01
  3.6989306701079322E+01
  3.6989183513252662E+01
  3.6989060341612294E+01
  3.6988937185627599E+01
  3.6988814044842528E+01
  3.6988690924000785E+01
  3.6988567832208417E+01
  3.6988444769422188E+01
  3.6988321735621149E+01
  3.6988198730812002E+01
  3.6988075755384500E+01
  3.6987952808638560E+01
  3.6987829889067982E+01
  3.6987707000010346E+01
  3.6987584141431356E+01
  3.6987477316479854E+01
  3.6987373326647919E+01
  3.6987277132073309E+01
  3.6987196932028745E+01
  3.6987127474064472E+01
  3.6987066408267225E+01
  3.6987017759203006E+01
  3.6986981957449707E+01
  3.6986956615657320E+01
  3.6986942784033175E+01
  3.6986969881619977E+01
  3.6987043234816880E+01
  3.6987176677308518E+01
  3.6987377075092013E+01
  3.6987641273088776E+01
  3.6987957328308035E+01
  3.6988308322568741E+01
  3.6988676323849781E+01
  3.6989045199011173E+01
  3.6989402211243736E+01
  3.6989732130759890E+01
  3.6990023314122723E+01
  3.6990280122510114E+01
  3.6990508471240076E+01
  3.6990715379497978E+01
  3.6990908441424864E+01
  3.6991095351537489E+01
  3.6991283313653625E+01
  3.6991478472119383E+01
  3.6991685469270188E+01
  3.6991894292296379E+01
  3.6992102472816647E+01
  3.6992308085318761E+01
  3.6992508472079287E+01
  3.6992700846450283E+01
  3.6992882520331705E+01
  3.6993051147275978E+01
  3.6993204794426859E+01
  3.6993341988121955E+01
  3.6993461666076414E+01
  3.6993553677498276E+01
  3.6993626330468992E+01
  3.6993679758246543E+01
  3.6993714163704404E+01
  3.6993729751966605E+01
  3.6993726723110349E+01
  3.6993705230330598E+01
  3.6993665366473195E+01
  3.6993607143628559E+01
  3.6993530487031904E+01
  3.6993438858730443E+01
  3.6993344450696782E+01
  3.6993247277712420E+01
  3.6993147354156399E+01
  3.6993044688884339E+01
  3.6992939289946150E+01
  3.6992831165224402E+01
  3.6992720321507349E+01
  3.6992606762605440E+01
  3.6992490484912615E+01
  3.6992371635185364E+01
  3.6992252391929128E+01
  3.6992132749605162E+01
  3.6992012706015750E+01
  3.6991892260404981E+01
  3.6991771412282475E+01
  3.6991650160385930E+01
  3.6991528502775154E+01
  3.6991406435308996E+01
  3.6991283951070692E+01
  3.6991161081441476E+01
  3.6991038177012165E+01
  3.6990915235582868E+01
  3.6990792255066900E+01
  3.6990669233429699E+01
  3.6990546168631084E+01
  3.6990423058569220E+01
  3.6990299901024677E+01
  3.6990176693603345E+01
  3.6990053433677595E+01
  3.6989930135898156E+01
  3.6989806857391606E+01
  3.6989683597653837E+01
  3.6989560356180384E+01
  3.6989437132464708E+01
  3.6989313925996086E+01
  3.6989190736257612E+01
  3.6989067562725879E+01
  3.6988944404870246E+01
  3.6988821262234524E+01
  3.6988698139545264E+01
  3.6988575045908604E+01
  3.6988451981281251E+01
  3.6988328945642181E+01
  3.6988205938997972E+01
  3.6988082961738165E+01
  3.6987960013162649E+01
  3.6987837091767389E+01
  3.6987714200885875E+01
  3.6987591340483810E+01
  3.6987484496456865E+01
  3.6987380469207856E+01
  3.6987284217810767E+01
  3.6987203941045443E+01
  3.6987134386184188E+01
  3.6987073203083234E+01
  3.6987024416165909E+01
  3.6986988455941521E+01
  3.6986962935072007E+01
  3.6986948903938917E+01
  3.6986975756764721E+01
  3.6987048825935176E+01
  3.6987181950064624E+01
  3.6987382001552959E+01
  3.6987645832299378E+01
  3.6987961507003234E+01
  3.6988312115235956E+01
  3.6988679732465116E+01
  3.6989048232372056E+01
  3.6989404884103436E+01
  3.6989734477697880E+01
  3.6990025367893303E+01
  3.6990281913921784E+01
  3.6990510028941095E+01
  3.6990716729920045E+01
  3.6990909608789394E+01
  3.6991096357909363E+01
  3.6991284178997468E+01
  3.6991479214391617E+01
  3.6991686104525378E+01
  3.6991894838600253E+01
  3.6992102945044884E+01
  3.6992308495739948E+01
  3.6992508830821450E+01
  3.6992701161888363E+01
  3.6992882799411724E+01
  3.6993051395775566E+01
  3.6993205017167803E+01
  3.6993342189141458E+01
  3.6993461848769570E+01
  3.6993553844822259E+01
  3.6993626484890676E+01
  3.6993679901863416E+01
  3.6993714298313996E+01
  3.6993729879130456E+01
  3.6993726844202456E+01
  3.6993705346579098E+01
  3.6993665478995474E+01
  3.6993607253462109E+01
  3.6993530595162177E+01
  3.6993438965318539E+01
  3.6993344555900173E+01
  3.6993247381683226E+01
  3.6993147457042049E+01
  3.6993044790828186E+01
  3.6992939391088051E+01
  3.6992831265701263E+01
  3.6992720421453640E+01
  3.6992606862153643E+01
  3.6992490584193654E+01
  3.6992371734220335E+01
  3.6992252490739212E+01
  3.6992132848211249E+01
  3.6992012804438474E+01
  3.6991892358664778E+01
  3.6991771510399609E+01
  3.6991650258380524E+01
  3.6991528600667216E+01
  3.6991406533118443E+01
  3.6991284048817370E+01
  3.6991161179128596E+01
  3.6991038274642989E+01
  3.6990915333160650E+01
  3.6990792352594895E+01
  3.6990669330911139E+01
  3.6990546266069209E+01
  3.6990423155967257E+01
  3.6990299998385851E+01
  3.6990176790930882E+01
  3.6990053530974706E+01
  3.6989930233165346E+01
  3.6989806954629401E+01
  3.6989683694862748E+01
  3.6989560453360930E+01
  3.6989437229617408E+01
  3.6989314023121459E+01
  3.6989190833356176E+01
  3.6989067659798145E+01
  3.6988944501916727E+01
  3.6988821359255731E+01
  3.6988698236541275E+01
  3.6988575142879498E+01
  3.6988452078227105E+01
  3.6988329042563066E+01
  3.6988206035893960E+01
  3.6988083058609327E+01
  3.6987960110009041E+01
  3.6987837188589133E+01
  3.6987714297682984E+01
  3.6987591437256299E+01
