  0.0000000000000000E+00
  -4.5118145737189938E-07
  9.3390346124344174E-06
  -2.0310676493910190E-06
  -1.1860824620057593E-05
  4.4848708224482554E-05
  1.5137007314041736E-02
  7.0899918036762166E-01
  4.5822778542074873E+00
  1.0313826379180082E+01
  1.5873640686156108E+01
  2.1123020959461943E+01
  2.6180561227180277E+01
  3.0798243766459422E+01
  3.5187982448952312E+01
  3.9300511770528587E+01
  4.2902652191496763E+01
  4.6364384031636369E+01
  4.9489458524603229E+01
  5.2269726806975441E+01
  5.5076956186142986E+01
  5.7426423566852442E+01
  5.9313775088221192E+01
  6.1063604292393045E+01
  6.2211878616749516E+01
  6.2915184861465079E+01
  6.3489650870033913E+01
  6.3473914072777795E+01
  6.3034850889759262E+01
  6.2476553860425540E+01
  6.1391503626361370E+01
  5.9900234072517698E+01
  5.8313710588288941E+01
  5.6308097849813109E+01
  5.3897794054979592E+01
  5.1389764806115046E+01
  4.8589431934183381E+01
  4.5411200394428882E+01
  4.2132826068268194E+01
  3.8700226498632446E+01
  3.4977400755063861E+01
  3.1149479482646370E+01
  2.7266122292030616E+01
  2.3238156810549281E+01
  1.9124400193150809E+01
  1.5063048915320353E+01
  1.1691455872315803E+01
  9.4969860110129574E+00
  7.6477057540611550E+00
  6.0621007802759816E+00
  5.2126311117474033E+00
  4.6865771413176933E+00
  4.1728002116983323E+00
  3.6566855299099101E+00
  3.1470941494504849E+00
  2.6456606225184012E+00
  2.1585307837419792E+00
  1.7048813943504817E+00
  1.3235134606473034E+00
  1.0348844197495042E+00
  8.1753680672811024E-01
  6.5695317435439371E-01
  5.4906192374865237E-01
  4.7611862584347570E-01
  4.1918866799125498E-01
  3.6640049246321788E-01
  3.1366747693362196E-01
  2.6213409934895315E-01
  2.1342460634930177E-01
  1.6938067259453857E-01
  1.3226736984138229E-01
  1.0320264892343099E-01
  8.1464781825338201E-02
  6.5763299629299027E-02
  5.4765520356378251E-02
  4.6981160797169019E-02
  4.0967183882486304E-02
  3.5630186137713168E-02
  3.0462976087165208E-02
  2.5442066111631658E-02
  2.0728637161897264E-02
  1.6518696945357590E-02
  1.2973093188796371E-02
  1.0162342860400258E-02
  8.0454306999657790E-03
  6.5093019459983763E-03
  5.4136272159612739E-03
  4.6180626036831313E-03
  3.9984041273311175E-03
  3.4601018655487136E-03
  2.9522827919815581E-03
  2.4657231650494688E-03
  2.0120890910697662E-03
  1.6088712423366627E-03
  1.2695025821235478E-03
  9.9902319964814169E-04
  7.9358944631937863E-04
  6.4294474284068480E-04
  5.3407403426802217E-04
  4.5374483533372077E-04
  3.9062626961450188E-04
